-1 -0.04 -0.65 -0.97 0.98 
0.13 -0.3 0.72 -0.82 -0.11 
-0.61 0.79 0.42 -0.27 -0.76 
0.62 0.65 0.027 -0.71 -0.99 
0.17 0.49 -0.39 -0.67 -0.98 
0.2 0.034 -0.71 -0.69 0.46 0.67 -0.057 -0.61 0.063 -0.37 
-0.23 0.98 0.9 0.75 -0.19 -0.93 -0.25 0.52 -0.61 0.88 
0.47 0.5 -0.72 0.64 -0.44 0.034 0.69 0.68 0.69 -0.43 
0.22 -0.31 0.81 0.16 0.14 0.33 -0.37 -0.2 0.25 -0.33 
0.14 -0.66 0.39 -0.62 0.36 -0.15 -0.088 0.0018 0.32 -0.72 
-0.28 0.31 -0.39 -0.64 0.51 -0.79 -0.46 0.78 -0.6 0.47 
-0.7 -0.016 -0.15 0.63 0.44 0.9 0.97 -0.95 0.68 0.67 
-0.55 -0.87 -0.86 -0.049 -0.049 0.84 -0.4 0.99 -0.75 0.42 
-0.15 0.4 0.93 -0.69 -0.75 0.099 0.48 0.15 -0.78 0.2 
0.61 0.0096 0.37 0.0078 -0.26 -0.31 0.13 -0.9 0.49 0.49 
