-3 -0.91 1.6 0.1 1.3 
-0.026 0.74 1.1 -0.68 -0.49 
1.9 -1.4 -1.2 -0.82 0.83 
1.2 -0.18 0.049 -1.3 -0.21 
0.38 -1.2 -0.23 -1.1 0.68 
2.7 2.2 2.2 2 2.8 -0.26 -4.5 0.49 -2.8 1.9 
-3.1 -2.6 -3.4 -3.6 -2.7 -0.71 6.9 -1.5 3.9 -3.2 
-0.31 -1.2 -1.6 -1.3 -0.94 0.74 -0.3 1.4 0.9 -2 
0.27 0.52 0.59 0.24 -0.0072 -0.69 -1.5 -2.4 0.14 0.023 
1.8 1.9 0.61 2.3 1.4 -0.88 -2.9 -0.57 -1.2 0.46 
0.54 1.9 -1.8 -0.28 1.4 -0.8 2.4 2.2 -0.91 -1.7 
-1.8 -1.5 1.4 0.99 0.052 1.5 1.6 0.53 1.6 3.5 
0.049 2.6 1.2 -1 1.2 1.7 -0.74 4.2 -3.2 0.036 
0.37 -2.3 -1.5 -0.81 -0.82 -1.6 -0.35 -3.3 1.3 -2.1 
-0.3 -3.2 -0.14 1.1 -1.5 -1.1 1 -3.4 1.4 0.86 
