-0.24 -0.67 0.22 0.75 -0.72 
0.063 0.33 0.57 0.45 -0.076 
0.14 -0.098 0.61 0.91 -0.53 
0.2 -0.3 0.04 0.85 0.72 
0.21 -0.89 -0.4 0.079 -0.58 
-0.49 -0.77 -0.13 -0.62 0.86 -0.097 -0.63 -0.011 0.82 -0.78 
-0.71 -0.091 -0.54 -0.33 -0.9 -0.067 0.48 -0.84 0.23 0.74 
-1 0.5 0.16 -0.64 0.79 0.2 0.11 0.48 0.46 0.7 
-0.88 0.37 0.065 0.99 -0.42 0.27 0.81 0.22 -0.91 0.49 
0.61 0.087 0.26 -0.085 -0.55 0.71 -0.51 0.24 0.34 -0.69 
0.71 -0.85 -0.68 1 0.54 0.66 -0.62 0.38 0.95 -0.35 
-0.58 -0.13 0.0083 -0.8 -0.18 0.25 0.21 0.61 -0.37 -0.84 
-0.77 -0.6 0.93 0.25 -0.6 0.44 0.4 -0.7 0.14 -0.85 
0.11 0.39 0.39 -0.81 0.26 0.13 0.17 0.15 -0.39 0.28 
-0.97 -0.42 0.85 -0.12 0.21 -0.25 -0.3 0.74 -0.65 0.64 
