0.56 -0.22 -0.25 0.84 0.68 
0.69 -0.47 -0.81 -0.45 0.45 
0.99 -0.41 0.35 -0.45 -0.03 
1 0.68 -0.89 0.18 -0.59 
0.22 -0.95 -0.98 0.38 0.49 
0.09 0.65 0.22 0.84 0.38 0.49 -0.74 0.73 -0.66 0.6 
-0.1 0.92 0.91 0.1 0.064 -0.0062 0.49 0.19 0.25 0.8 
-0.18 0.75 -0.86 0.33 0.21 -0.24 0.9 0.44 -0.32 -0.71 
-0.4 0.45 0.75 -0.77 -0.21 0.57 0.22 0.71 -0.36 0.26 
-0.069 -0.4 0.31 -0.015 -0.99 0.11 -0.94 -0.97 -0.26 -0.2 
0.0024 0.89 -0.36 -0.24 0.42 -0.29 -0.34 -0.75 0.32 -0.49 
-0.69 -0.75 -0.79 -0.0064 -0.8 0.91 -0.89 0.42 0.6 -0.73 
-0.35 -0.87 0.01 0.59 0.25 0.26 0.28 0.23 0.61 0.71 
0.48 0.57 -0.55 0.019 0.73 -0.65 -0.74 -0.56 0.053 -0.87 
-0.37 0.049 -0.42 -0.24 -0.017 -0.25 0.69 -0.87 0.22 -0.14 
