2.06870741062952 0.728834451483505 1.04977030404309 0.102735327261031 0.534550890145752 
1.05208882054368 0.426629344717547 0.439429170376842 3.54550841026489 7.74076430647614 
0.5873480005356 0.63101941994102 1.39664334830014 0.0866729741745548 2.74241855360568 
0.352141089473257 0.885235842750978 1.47515863245904 0.225472153470183 8.26546451050387 
0.410057612586949 6.18053525811121 0.766041161950957 0.568322593951022 0.0957682318555902 
8.46630745293562 0.206956996113024 98.0809532160792 1.70038651390091 0.701664810610708 1.24678756205988 0.498502672330856 0.867735839174912 3.04200671085705 1.26609621143052 
0.184089464642473 1.74922039486 1.96731404833351 1.86121247228276 0.893241784391198 0.597622941719052 23.9515471994148 5.11640954256581 1.90006888999841 0.0529580863870915 
0.359257580945632 2.03214725089279 0.679128208132204 0.702765123399389 5.70885904797963 0.590222980905151 0.0602102222605075 0.384287495045157 1.50240852087863 1.16009077395094 
0.525551351082907 0.363833570227996 6.40194328428266 2.07889238535123 1.41305735717896 0.609349120376085 3.1521731625586 1.1404831179354 419.509862471891 0.172989833287614 
1.5193141309743 0.245716686525419 1.57974014643771 0.775928920157966 0.939006189436502 1.09858573544353 0.0987119309019259 0.284757234212563 1.27128739754739 9.64342179647768 
1.72602204667132 27.1516775317862 1.09932784143911 0.0522373060978346 0.526915314320743 0.592389187734164 9.1451335196979 1.47869902208007 0.101718378286094 6.09674402263086 
1.27126774905629 4.22491811406408 1.34528627198752 2.19736854524998 8.51674860281807 0.424252753298931 0.183415681902565 2.22555254948361 1.16270947536213 85.0065071285382 
0.140467215964825 0.613063624191373 2.88769486638425 1.34889478365037 1.70750482301574 1.79480599845932 0.845362918483536 1.18888004817813 2.88957446880766 10.1642956401301 
0.0611354754618426 0.779840528718889 0.103682057173248 1.67802893558791 2.0632889851503 4.23157146374181 0.247644792738018 0.479763766802788 0.997857801667949 0.443616283455402 
3.46524099980412 1.94177029167405 3.71007545317768 0.096964623598844 1.31985600496093 1.5242412142803 0.473996695362009 0.435139460214819 0.913910549587031 1.03751634834455 
