0.120732120277798 0.795034308633166 -0.655289286522951 0.1335736268008 2.94954792906891 
0.347707144753493 -0.0593092168024622 -0.112906545620438 -0.204057549003149 -1.39913549109074 0.534546818988106 -0.57638627328088 0.534003586339648 0.357169661790285 2.34750117389335 
0.467923130479287 1.08658124893037 0.364354519409436 1.11871236025915 -0.874463791245527 0.840699207361554 -2.00060705158607 -2.82874027101771 2.03590823825172 -2.31990331243696 -0.438651457568776 1.00676463059546 -0.388437631134198 -0.0588218864963578 0.467756765134498 
0.100407167533069 -0.205509413710139 0.097563417757964 -0.999806058955942 -0.149625192976337 -0.218987751124633 0.141087610577132 -0.422287603534425 -0.0682056918330116 -0.175552126203682 0.803420750115914 -0.702185411861526 -1.19625228556339 2.11653533808782 0.471538146399719 0.675894931734257 0.942733232574336 0.688026654560945 -2.20716468865437 2.68621422055326 
0.180960831643592 1.62390369200843 0.449612941539539 -0.0357499948362375 -2.78712288568517 -0.43978204896288 1.9912273452273 0.762646744419941 0.106255814853093 0.770078455377021 -0.0659086464577728 0.737387525093904 -0.567230241682085 0.45528483383575 2.05200427375356 -0.548089522303391 1.82422620890522 -1.58077869923208 0.311471567492043 0.741230634462008 0.529790636391077 -1.16393125137745 -1.56725943079563 -1.36577826127974 -0.663664017717102 
-1.91214662583168 -0.249612723531528 9.870635627879 3.84734442448841 0.12148211649752 -6.91417661065666 0.165487893076605 0.619869541190104 0.955514280740975 -0.594542329564752 -4.29352091019997 3.38045114015826 -2.90588548235715 -1.97805095320799 2.16147208343555 0.58174625436004 4.0229145992443 1.5152926255517 3.26437297543319 3.60148542837705 3.34179936928607 -5.69043921731095 -1.52007397373954 -1.08190502256961 -4.45637234227924 6.37623708063572 -5.12109270887913 0.361968597372957 -2.91490987847046 -6.14806914544139 
2.24207095815228 -49.0704175597765 14.3389030001683 0.230824962456375 -19.9715536733106 -64.1937851224961 -13.9020042110632 12.4216167641269 -38.5329361340918 35.9842083472359 93.1211369683817 52.5913870194635 19.1272217787935 21.3876840900225 -18.3163478703766 54.2867822068519 -23.1737684060166 -14.6805677729576 8.17978612304042 -58.1063167020172 -40.9190001831361 -25.8736186502617 -119.847218942594 -51.5997674993619 62.465416964348 23.3007235777925 38.9615616274231 9.74104669374298 -19.5928530049197 51.0294503623987 -6.44242577023978 -50.0785963070736 54.2706397161945 2.90174877719822 33.3766753777873 
-0.0120385503810396 0.487343116237058 -5.81323665579484 -4.11364580386174 -0.104806516469017 -1.65959893902471 1.12750016528103 0.573783271752716 0.624907462009108 1.34553990258869 0.262644890658623 -2.11269109900487 -4.05607686755721 5.17864633639959 -0.899349130032133 -3.60175771802883 -1.91284059234759 -3.74850074737249 0.445582658385585 0.540151733550181 0.92415246575681 1.16482914066534 0.731937882541256 4.47415816171666 2.306693174286 -0.221288931195648 -4.25616241170515 -1.81494857416496 1.92351288753376 3.94244669439156 -3.68488950022946 5.41134311395203 0.126337477078498 0.5028321006419 3.71745910528054 -1.68528834114538 0.235073114045578 0.0908866837922567 1.80328302218515 1.0873564026108 
3.33052066440861 2.82405118638836 3.68101742780323 -3.79513749184655 -1.67042660107807 0.0861801427507946 1.49388962632429 -5.8791422242079 -1.98504546070338 -6.43426192284737 -1.72055089963427 -0.899431851256783 2.33716533054544 -6.57003326580173 -2.54401972440265 -5.49736707450992 3.04020053209697 2.81494674638333 -3.12736647196805 -0.757889320844597 -1.29661569764963 1.96140775047687 3.7526765072669 2.16477780241509 10.3539867380121 8.01295807491408 -7.50957410475793 0.235456486917846 -3.67299804326363 0.0394390265156972 -5.89518948913904 3.62581715166807 -0.783132875291394 4.03360723859357 -7.1018596137495 -3.12623073405708 1.02646136153804 -2.9152805849994 -0.878905409247621 1.9245224096057 4.47114836491176 1.70344649773463 1.27568816630647 7.92599261735663 2.04564307042704 
-0.589040524645061 1.57791654094756 2.37451933245772 -2.68576887600197 -2.91079796736588 -2.18193999858668 3.97296564407655 -2.97691944485542 -3.82389328034754 2.73719518508929 -0.938971172603021 -0.270867000374955 3.63412044441241 3.15523776610799 -2.40987337232551 1.2709528004218 2.50743677446227 3.25816885394041 -1.88329151479167 -3.13473534898265 0.467669991184571 1.43258568163731 -0.900449380061931 2.30226750379938 1.89984910298084 0.62812659841256 -0.487957749700232 -0.307881032192486 4.28030292411124 2.96873197260021 -2.2413871304282 1.014286193202 -0.826759761209376 4.91808062531474 -5.44356801986317 -0.653320804194695 0.446483490960174 -1.43879517792164 1.47932478322816 1.27024362797524 -1.10988233681888 -3.77268846133582 3.95289018134279 0.284507497148004 2.83132840970833 -1.0022014778588 -0.924128702451617 -2.63575391675475 -0.776468916696488 -6.12013865431486 
-0.24376414563412 -0.227870885629257 0.159640169703107 -0.473795070930901 0.57058321778661 0.165235267692015 0.163232235532126 0.0270006430626749 -0.170663371928535 0.0463265914358436 -0.338124759908716 -0.578987013691931 1.35265348994521 0.0933348385069356 -1.26412088734137 0.290032041317871 -0.367820948213325 0.202343923240136 -0.303519051053885 0.618559484501808 0.273898548488556 0.891581335868118 -0.176241266479416 -0.164996580286706 -0.121350230942808 0.265488276092028 -0.0746375747493657 0.404445023723668 -0.26990690416956 -0.101516856359769 -0.340827205801707 -0.432000859490604 -0.183574321804024 0.213586751849103 -0.406930611055937 -0.292234862152607 -0.771764106897375 -0.258113251054146 0.517919906911351 0.440018964903364 0.59796581036978 0.122823048156643 -0.164267992848298 -0.129392866169251 0.687105869073677 0.205263486983025 0.795367374834819 -0.205233357873603 0.504295049625531 0.119684323859895 -0.412439766875764 0.733845668499601 0.0929625945095104 -0.0388904373082333 0.0643562621838479 
-0.35939815294981 -0.386646590028231 -0.21014309088781 0.941854138232255 -0.0878143162792028 -0.157312354671528 -0.293186012894562 -1.44991439900599 -0.849948447059021 -0.109156856229509 0.407016973814862 0.154019964962555 0.877280883550301 -1.14171225040427 -1.47884217087621 0.707500512721309 0.388282680466249 0.56817496680685 -0.0261854736426205 0.562685546241643 -0.532752944821832 0.135038014625011 1.00221801474037 -0.84904635008116 0.0508210685238776 1.6423922432137 -0.146771660501379 1.06018982532487 0.494146651977563 1.00190506349286 -1.29085666566983 0.311917913145326 -1.33361645593281 -0.809920687699209 0.0541659395785993 -0.432511569269865 1.62667085658004 0.284742146479954 0.208678517335132 -0.469296282493924 0.187030655860692 -3.00793266931915 -0.337132117317172 -0.997257158897158 1.64428715987504 1.53018461999276 0.212199477745594 0.260243437596144 -0.615242622939813 -0.362847720156601 1.59478765552353 0.81604127815955 -0.273663653078808 0.625821973683297 -0.036876308346627 0.20507139711021 -1.64150957386616 -1.52942791849788 0.216950030686061 0.490407362964929 
-0.0702504469432768 -0.425619307954929 0.279089199754658 0.0383696537613821 0.138578203354062 0.282654230627868 0.0624384303095331 0.121722013587177 0.442041371442185 0.0416675732831959 -0.178888837576972 -0.399126728840488 -0.243633728311579 -0.106301404599917 -0.101431552224941 0.0194411587585199 -0.10585471307154 0.115529149672823 -0.896225507161198 -0.276301790692977 0.14998403336364 -0.36181660500734 0.255521027298149 -0.939120137999473 -0.401669748838401 0.322803479571455 0.756403272893261 -0.0856308313149931 -0.231793778286597 0.626928855923176 -0.12949292044169 0.299544078949197 -0.285211642064716 0.0755242706117238 0.93420716400003 -0.180528338436968 0.430819659737939 0.658407294167199 0.0173122357514646 0.0797166273182016 0.0555279371300365 -0.904275173645309 -0.135651100334847 -0.61296875180268 0.149870437741721 0.132809018151247 0.271836952438332 0.159561239645371 0.134730568938942 -0.642665546791716 0.831447661225306 -0.514854481440714 0.251124585414295 -0.247118621613303 0.314565660012837 0.420907461716559 0.357712227485269 0.416834204304893 0.208621661137668 1.17048639910067 -0.0911792407541973 0.209673772202123 -0.059691857375221 -1.63120033476116 0.268362685082654 
-0.802607771773738 1.03167049221491 1.07469605172167 -0.609396988918264 -1.96019764890203 -2.61618516197021 -2.426819748432 -1.35616152193779 1.20803528464882 -3.240216980147 0.196226332363531 1.64735561329922 -0.22119319066954 1.34305391377075 0.21255123734585 -1.20409822126226 2.1544171512031 1.27550112928865 0.593553039087309 0.461233144391223 -0.0808882340722936 -0.208401866202958 0.374286299513822 -0.0285137002808339 0.173739457426189 -0.175912726341015 -2.07111082765051 0.461255306254924 0.419761606030139 0.968756464778747 -0.858540480781014 2.18860940163299 -1.71157579948647 0.292826941424335 -1.15639342174777 -0.66750528548412 -1.74061135471147 1.53588310593893 0.248634653306031 0.242736297024512 1.15412344395278 0.014558795340577 0.440997374082114 0.641781365083829 3.19850782547463 -1.2053767919507 2.44999119563406 0.0252554259858788 1.00502043097532 -0.719019699957083 -0.398677661903247 -1.24665627442243 1.82510495714886 -0.150200245723662 -1.011733875164 3.30809280958722 -0.0291629357814995 0.677365049907958 0.302636034507001 -1.54983054040153 -1.28093019273869 -1.76275255461308 0.29592830964012 1.39424486111911 1.16329797507207 1.62421148871866 4.16042372045633 -2.89892769589253 -3.49863168481741 0.654986720461312 
1.01860871450132 0.900577303156508 -18.1153630881939 7.35676218519741 -5.33800398594961 -2.02109635220376 -7.11930961191109 -3.86208232083915 -3.70885235692552 -4.47734859293598 3.02416627675938 -2.66521649522396 5.04042440734572 -1.25079161015985 2.75429002091749 -2.8697948147 11.6545322099614 -2.81353314550164 -5.78701983679599 4.08564807931363 7.6332136006465 5.10947989595045 -6.11160099210996 10.757115944459 -0.435465169252541 -7.8086637377902 -5.65740842139239 -6.3367069221234 6.44080230449244 0.754923645105351 18.7157065281337 9.11059400007728 2.39317950563162 -3.98048604630207 -1.30284619395003 6.21794991613717 5.10230968241173 -8.36406486779096 -1.53861064784969 -3.45969105110875 -7.11836588073269 4.09136183249273 -8.19632768508239 -9.16110176723264 8.46299268203545 -3.70029477529287 0.966756336556055 11.0566823390876 0.976929076463353 5.57086841088217 7.42718603941276 -0.497931839690596 -1.94742579920052 -1.31357314016178 2.58802651333109 0.116424797547446 -7.5919103384104 -4.65652029667154 4.88893187567805 8.41797426477164 0.877193031118957 -6.5058672975028 1.73471945543207 -2.47580532520401 -15.2901934049071 0.181303538971962 -11.7631442790896 -2.94529510985929 2.27986053771816 5.17863469271071 2.62308040218912 -0.248849209021877 -1.50730277863652 1.28558893303384 7.33784746403196 
-0.813122113349014 -1.53455617318659 1.99626605393684 -0.361328628770897 -1.97093886670131 1.5035254561495 -0.159114564467519 -1.43551515210393 -0.676641502731746 -0.735592471719603 0.0312966790779484 -2.15445770653958 0.67922368212087 2.08365930176627 0.605088335648191 0.16819255290729 0.790407455128999 0.348128746341744 -0.225012014783334 -1.71202459834652 -1.68919760496663 0.831207899918769 -0.125374619439801 -2.01179996596464 0.87215841239503 1.2575807255429 -0.548920188278847 0.107415710909624 0.959030089676226 -0.94904363402283 0.522631823327369 0.719385986187003 -0.35402665560072 -2.01834024225204 -0.538299153915255 0.92527911983625 -0.321577107248017 -1.71397715662153 -0.418590955499301 -0.983359110905899 -2.241509698075 -0.0937911550496639 1.2131463944393 -1.46010318383393 1.26024901433313 1.39149360763628 0.14525898176333 1.02085717828122 0.0390649826679274 0.123470827175061 -0.668281890399172 -0.135044732367161 0.680119930506377 0.934808954956564 -1.51381555594775 0.711755691325845 0.503801922623198 1.03814667181778 0.44037257111128 0.357309014965835 -0.684194128984158 1.38213172270597 0.815229259817843 -3.06057385105516 0.667004240707165 -1.04528783665071 -0.276468676350661 0.544652336812627 0.594752447988371 -0.40457623804509 -0.24103355129493 2.91857691479492 0.969083996058556 -0.593260046564677 -0.079590258615305 1.6709252686742 -1.38216746843508 1.20725375624635 0.661545701958167 0.212417406469898 
-0.468282764229114 -0.289476502487367 -0.454997094996897 -1.77546916894521 -1.07204502698993 4.58251198075553 -3.44842219461291 0.290722168628567 2.07706049189012 -0.0202210135118541 3.49593062973968 1.92143615363343 3.26312074523843 1.78647176677901 -2.62831800751294 1.39160137223475 1.52839689193196 -0.496753467122311 1.8617026652899 3.45252323591793 -0.209148787616947 -0.414216696118491 -2.02076346575593 -0.577586598067362 -1.06188393973301 -2.40685967582851 -1.13928261958721 -0.0293270725506251 0.522318651783553 1.0475130079466 -4.59792780255403 -2.77064689385405 1.01898387087299 0.991994902432154 2.69923947500953 1.8260674509338 4.78104502287116 -2.38754462819927 -2.39573107774552 5.23074988103793 -0.0267808041003868 -0.792056817749522 1.83314348542217 -1.72325558948313 3.0728537958915 -1.4859661776497 -0.0921504003983998 -2.81947203321872 -2.5886850528604 -2.05468847268699 0.0951989020757245 -2.66626482162129 0.251940776491358 -0.125716776734631 1.99463256939247 -0.393433391073149 -1.60999041569311 -0.250088666322135 -0.251219804835862 1.08898309897935 -1.13683759370298 0.0356735410351812 -3.69459660075551 1.04736229988966 -1.52230048269962 -0.178918803269878 0.0113011203808841 3.10995520213888 -1.92761165323269 1.61538812257724 -0.675126926138148 -0.67845301353603 -1.35063645110494 -0.674081481555228 -2.23829511442206 2.02292689607891 -1.66679731626503 -1.51705649881321 1.66097676565033 2.43703855207783 0.889054531820517 3.38016449110304 1.62879162636138 -2.71476745312912 -0.55116787592423 
1.35457105306464 -1.1219424062969 -0.0721454402435733 -0.620025410442264 0.395147069387541 0.103460350843485 0.355130032239765 0.839466161590137 -1.21532792158229 1.50014861136615 -0.883510207534554 0.464407768992202 -1.57019441966324 1.30872023674587 -1.85024564829224 0.302124505793114 -0.021051726786911 2.50655906315255 -0.364122172101689 -0.505928015311036 1.0592049754835 2.61444498423032 -1.39779415434179 -0.676339366265264 -0.181947301169687 -1.45168620018387 -1.83593686290608 0.710393291643226 -0.759463454120647 -0.214115625429918 -0.513634710899816 -1.24489920459119 0.39921516943535 0.0864199228556065 0.667232218107513 -1.10473666163688 -0.512548911914177 1.30471236556371 0.13075260791164 0.290878899323264 0.225716551904374 0.469149440989824 0.274396018563852 -0.0638586016840162 0.458713195431814 0.302480527150758 0.903632588885336 1.24271920597178 -1.28241904048188 0.0651542159345062 -0.594398615172337 0.720246639392663 1.30262986097203 2.5465955441662 -0.563434674542122 1.26666470716333 0.235808592050326 1.53502877745298 0.803441031238343 -0.439888551904433 1.05488528051973 -0.0682296345980433 -0.244853458259963 -0.371803921649087 -0.19718588444215 0.293966725621424 0.12797174811847 -1.36973731839006 0.327990323180302 -0.731737836538723 -0.55347769911807 2.41729919010289 -0.322858345339736 -0.28952238893647 -2.0992950958144 0.668202854800771 -1.59915176955848 -0.733442029750788 1.15040667453921 -0.719298647928967 -1.43875685207104 -2.19689404325022 0.502259547293095 -0.416032347042842 -0.161689303639902 0.767863203881639 0.333548736002259 -0.302699055642502 0.0138184961121893 -0.409734888502602 
-7.52137552953669 3.27689061255127 -4.97139076252176 -7.25831197291622 -10.4126122728417 9.49184030412737 -8.71881884496092 3.60128079922853 14.6215383712389 0.791398583196836 -7.83236834663901 3.36199713360858 -5.62938653488264 -22.6933345612644 -7.27855776031273 6.54420089369133 8.18300072452205 -5.26075024962511 10.2066504901783 -5.1220879869521 -2.15176825917915 7.37173272162539 7.64035311706195 -9.07651647045944 0.491180303847631 3.90342564399764 3.16642676041512 -11.3495849961931 -10.645589842105 14.1159832135744 -2.14757137098158 -7.5853939740476 19.4187500704233 -10.516587520192 0.849609616190149 -23.7520034530085 18.404521504805 4.39994588064241 -4.74284258750248 -4.94401734323197 -7.07323632730091 11.8848127791129 -4.86591725563645 6.23197793605311 -10.8725357607083 3.43843339537224 -0.188476447406995 -12.8177123520392 -14.4813693552423 -11.8441297618248 -7.26254719534745 9.10187744390357 26.3595333007842 2.62356203762121 11.8949610107862 -12.8706507762457 -0.0312777287962796 5.56846189781455 12.2154193922335 -8.42833501226931 1.13452892345687 -4.52817605231335 -4.22614836564012 -3.34564754522866 -9.71617763532036 -2.27844135842537 9.88241345661078 8.18639284418884 5.69036184312799 3.12802329703023 8.25034970832603 8.02219083804341 -11.0219658384607 -7.40270191531101 34.8884796238066 -5.81084308077019 -4.3928794800773 3.64849155073301 3.10836706330728 5.28246347044965 12.5267647627678 -3.97976211078503 9.11624218653871 11.186905522421 4.30030286418226 -10.5170562909831 -9.88137471957229 -11.4236878857325 13.658291064934 -10.4674019835619 -12.7910750271188 -6.20078505043035 12.143421155924 -10.1267183792882 11.008888465309 
-1.64454092437455 5.09759304101417 -1.26408044600208 -6.1926358062036 1.22720851869988 3.24619037855929 -0.28527857505279 -1.70376711255773 0.78687477553869 -2.95055391132961 -3.07894758206948 3.24840294643909 5.29183204807703 -13.4218192474878 -0.123642662997041 -3.35170027053126 -2.63204172777375 0.953202813788553 0.432564041236122 -2.73913752294951 4.46732320393717 0.782637700204307 2.41701793112831 -9.94330384044245 0.19855110325487 3.43125074102681 0.956718889908817 -1.0847100350255 -1.83763187223189 4.11837273078744 2.59702534088079 2.01007592924464 -4.74651668458415 -0.781589567145419 4.00174143876351 -2.24015180008235 0.918590669882799 -10.3997223302008 -4.4974255823211 -3.89433763241252 3.65040064025819 1.91346635150341 -1.29467577704962 4.50272764999004 7.51818609678165 -6.12690640743776 1.66736721544022 -4.85670789467411 3.47653644681821 2.61434681278996 -3.79138903097809 -4.90116649278689 -0.310243215602713 8.87279186446913 3.06191483523949 -2.93730923443057 -4.62537014155595 0.827850557043618 6.37237279313682 6.38451879056759 -1.66868931399836 -1.09212348658571 3.18820784712217 3.35286082032085 0.759413046192555 -2.04879993725858 -1.84552585843077 0.175016205321207 -6.34933106863935 0.979824412596378 1.86616957923256 4.01381446868436 -0.159930929987364 1.91827259997757 -0.356647910460758 0.742523269424228 3.83762109013562 2.66408896351828 3.33879994608946 -2.19144485443502 0.436708139740287 -1.98656157304632 0.135665029163014 0.636231384011103 2.30913757677947 1.95817007579996 -0.766677808257384 4.80509168581667 -5.34970808748662 -0.976734231189569 -0.00894490391431802 0.362837711858199 -4.95928298638506 0.153938984116263 -9.35648492568093 1.59149701641558 3.42787680951115 1.4583886391413 0.807728793668827 1.11702349244825 
