0.9095101 0.314544 1.016069 -0.2880313 0.6775213 
-1.8446 1.76547 -0.1813501 0.391594 -0.9458986 -0.04360468 5.018079 -1.029337 -1.266634 0.04342066 
17.93056 -24.28866 -16.23095 -15.39852 -21.18667 17.28812 -36.98144 -14.45216 -5.19844 -21.39812 -3.937486 -5.245465 -31.26239 5.931822 7.599625 
-4.022347 13.64059 6.169739 -1.114212 11.8889 -9.912022 1.346561 9.594203 1.027795 13.81684 -2.146979 2.852371 -8.10331 -5.059678 -7.039676 -15.73762 5.139414 11.79249 6.272861 11.16937 
-3.71149 2.385589 2.003584 -6.751177 -2.916515 -2.370418 1.405661 -8.821304 -1.196496 -5.18857 -11.10433 -8.197836 6.712962 -1.629531 -0.2454793 1.979915 -2.997447 3.51194 -5.293743 0.6921091 -0.7103701 -4.574723 -5.26248 -5.656123 2.853503 
-0.3446257 0.5917528 -1.416419 -0.5592691 -0.8949429 -2.991411 1.485401 -0.192287 -0.2367094 -0.7500043 0.6113919 -0.6290429 -1.024929 0.3684614 -0.2158066 -0.4077483 2.305765 -0.1228277 -1.454586 1.161119 -0.05775388 -0.3965957 0.3805539 -0.582462 -0.5082378 2.261711 0.667542 -1.226664 -0.1190762 0.5039191 
-2.696728 -0.2264695 -0.5847155 1.768705 1.031275 -1.341387 0.2850955 -0.2379783 0.841655 -0.3620239 0.9691259 -1.401368 1.975974 1.958609 -2.120387 0.229148 -0.9825003 -0.6552147 -0.8397892 2.38027 -1.061417 1.010805 -1.829395 0.9473048 3.268213 1.786956 -0.533335 0.9650177 1.82029 2.629135 -0.4777243 -0.8346921 0.4233741 -1.972044 -2.172453 
1.165891 -1.310069 -1.66115 0.4830512 0.2987108 -0.05301943 2.191812 -0.2284652 -0.3243867 -0.4865164 -0.4714356 1.00425 0.2938869 0.5649506 -0.7693421 0.9329438 -1.225732 0.4947806 0.7459152 1.202949 -1.2197 0.05436418 0.2587077 -1.491087 -0.6669329 -0.1623753 -0.441968 1.050058 -1.299117 -1.190156 1.433972 0.8406543 0.6280676 -0.03913273 -2.385394 0.08146403 0.6597176 -1.110946 0.231529 -1.43178 
-0.180842 12.58855 -12.22509 3.673271 5.457937 -15.37001 -4.211549 6.680254 -1.039216 -4.750648 -0.7174195 7.889779 -6.927751 -4.038947 7.569471 -0.7786992 -1.227447 7.89118 -2.234646 4.506575 8.430091 1.835473 5.14538 5.665387 -0.2173651 4.671237 9.104952 -4.875829 -1.182413 7.125837 0.5966048 -6.934492 3.872366 7.651198 3.317457 8.393572 -9.762174 -3.442709 0.3492599 -8.514711 -7.761217 4.335699 -6.759768 -9.026619 2.875241 
0.4744071 3.62985 5.683278 7.539401 0.4117046 -12.37396 12.81663 -9.296003 -8.686523 -5.659662 -7.126988 -11.604 -7.250257 -6.90839 -3.263494 7.584001 -8.02845 -0.4072309 -1.266852 18.26101 0.5570881 -1.368948 12.97398 -0.04992665 10.36555 -5.704268 -8.91796 -15.51118 3.64088 17.5897 -11.55058 6.577318 14.97764 -2.60021 -9.775099 7.182866 10.01551 -9.637341 4.284713 -3.777319 -5.049064 0.898293 4.196214 15.89069 4.460856 30.06548 -6.126213 11.4977 7.888273 4.080517 
0.7277591 -0.5512475 0.4552951 0.05166821 -0.3240118 0.2385371 -0.184538 1.50095 0.9541748 -0.732315 0.09920248 -1.105157 0.1235725 0.6162049 -0.5077857 -0.5546631 -0.9321901 -0.3107364 0.3764953 0.5029187 -0.8328381 0.3700236 -1.149039 -0.1700536 0.8410584 0.3567344 -1.089846 -0.4524416 -0.08367129 0.3642047 -0.04413632 0.168408 0.1429079 0.4726976 -1.390436 -1.147902 0.9389687 0.1603646 -0.03193166 0.3783513 0.2414558 -1.41103 -0.02293714 -0.6883342 0.04264728 -0.6564103 -0.8281273 -1.290707 -1.314097 -0.2846639 0.5716981 -0.4647981 0.4601986 0.3335132 0.5720921 
-0.3047183 0.06176087 0.05168026 0.03315429 -0.248053 -0.23312 0.1853093 -0.3838799 0.8291919 0.3051473 0.4756485 0.2618324 0.1999151 0.1692901 -0.1495072 -0.3693112 0.3014716 -0.20364 -0.2721446 -0.4004518 -0.05302983 0.02181572 -0.5169415 0.2328389 -0.3674558 0.09399779 -0.2006462 -0.4442888 -0.02079478 0.324851 0.3302098 0.278594 0.3217585 -0.2878653 0.1768827 -0.1853013 -0.4465523 0.2281572 -0.0209053 0.4110819 -0.2990491 0.1155797 0.5038849 -0.3059834 -0.2397287 0.02242086 0.3117555 -0.3021118 -0.1604652 0.3496073 0.3124177 -0.006802257 0.1793165 -0.2075818 0.02322245 -0.4527017 0.2191776 0.1367198 0.2401403 0.2720061 
-0.5720109 0.2999749 4.236911 2.342093 -0.01259794 -1.252503 4.318464 3.450397 0.5437853 0.5252438 -0.2500513 -1.370616 -1.669866 -0.8024959 1.403702 -1.511472 1.414646 2.006511 2.780664 -3.814195 2.181907 1.420708 2.096502 -0.7268139 3.336302 -2.135182 1.739338 0.8242674 -0.1489947 -2.373627 3.724316 -1.380904 -2.603298 3.428885 -0.2072153 -0.5381717 3.221247 -4.001385 -1.641613 -3.468595 0.5467293 -3.498127 -0.08205661 1.284744 -4.04914 1.997717 -2.06017 1.084508 -1.644812 -3.48158 0.08164894 3.020236 1.531059 -0.9818764 1.726322 2.557694 -5.845763 -0.4872356 3.136695 1.449514 -0.8975093 1.49465 -0.008793224 -2.210781 0.4243382 
0.1721053 -0.7831217 -0.5095686 -0.05378409 -0.2913806 0.3671793 -0.1663203 -0.331642 0.4271302 0.1612674 -0.1820311 -0.4483347 0.04194267 -0.356222 -0.1137294 -0.06268059 -0.620108 -0.1907261 -0.808354 -0.295334 -0.8204209 -0.2135054 -0.7837525 0.03963792 -0.630749 0.1722483 0.7599977 -0.3897497 0.2983404 -0.9636595 0.3637903 -0.2546359 0.2184576 0.09057318 -0.8952477 0.2118619 -0.2055355 0.1019368 -0.1171985 0.1406986 0.5819213 0.629688 0.1195202 -0.310765 0.3576536 -0.06552459 0.5677117 -0.09065247 0.382093 0.5713602 0.2637317 -0.1381276 0.4029626 -0.0379643 0.04263898 -0.8332363 0.03138018 -0.1521803 -0.2214956 0.4539412 0.04453105 -0.3116999 0.08897691 0.15807 -0.1474897 0.5436366 -0.2010698 0.5287562 0.4881427 -0.004394048 
-1.531141 -2.225269 0.7999327 1.923847 0.3241068 1.242129 -0.8221098 2.141095 1.287947 -1.150454 0.8128384 0.4179334 -2.349146 0.7462323 -2.022363 0.8511431 -0.2874054 1.795056 -0.9942862 0.8405728 1.827828 -0.7812867 0.08023974 0.7930583 0.9998043 -0.1780256 -1.176259 -0.5112892 -0.2240769 -1.651756 -0.2250219 -0.8003898 0.6015181 -1.108691 1.187842 -0.2812161 -0.210922 0.4312965 1.687568 -0.4558936 0.2816237 0.5960413 1.206999 -1.329682 -0.9084287 0.230188 -1.61773 1.523643 1.139433 -0.9033586 -0.5035687 -1.055511 0.5991395 -0.6564657 -0.1967282 -0.09552214 0.1243827 -0.3700638 -0.1185309 -1.364742 -0.4930738 -1.03211 2.154588 1.004363 -1.022861 0.4440685 -1.050116 -1.539418 0.7479889 -1.048776 1.719593 0.4603434 1.258935 -0.561622 0.1729507 
61.98743 71.05659 64.92503 63.84198 -54.4493 23.38326 6.144122 40.46136 -46.58579 30.80034 29.54192 28.81147 1.905383 -49.50166 30.34491 -51.92379 26.97459 35.94292 46.71888 -80.8784 -34.19323 37.59019 -14.96953 -24.3617 -93.70975 -20.86351 40.69581 -12.5353 -86.423 69.02431 -42.85049 55.34586 -21.39355 74.10183 87.47452 4.126398 -54.87036 6.787946 104.8439 -63.33497 28.22396 32.15276 -51.57371 -18.58683 -19.07218 -81.98525 43.99612 -8.004153 -67.55856 -97.88219 -81.76849 39.64928 -2.532287 8.972775 -9.46311 -9.855868 22.45275 50.01424 -5.693893 -14.41551 0.8768921 14.14112 30.97725 16.73874 54.70748 -42.91853 -6.139344 7.46919 68.05122 -4.71046 -5.700508 -13.24777 59.19314 18.3248 -5.85633 39.90612 -93.2152 -28.02088 -63.0089 30.77957 
-5.928595 7.743764 7.763436 3.621146 -1.883073 1.931003 2.476914 0.09991805 2.653378 1.33646 7.607419 1.33414 2.933403 13.68723 -4.699947 7.548729 -6.089005 -2.810947 -2.994494 -1.31516 -4.578449 0.3279697 10.93187 8.165817 1.123687 -3.845911 11.8025 -8.18594 -6.474098 11.57661 -12.66118 0.4034682 5.085276 -10.01497 -0.4157754 0.6830737 3.868902 -3.050014 8.214158 -4.557081 5.748151 -4.292166 2.990033 -2.867973 6.331712 -4.11545 1.085184 2.495973 -7.578152 -7.55365 -9.036157 -5.241104 -9.196353 -4.214923 4.659735 4.571742 2.208378 0.5442802 -5.046651 2.337659 -8.556557 -8.318448 6.548476 2.775897 0.07865529 0.6282904 -1.52696 -3.543284 4.541353 -14.61136 1.207762 2.662524 10.85755 -0.0889194 -13.70179 7.601907 1.084862 2.286202 -0.4510491 -0.7884873 -0.1448803 0.5156726 6.529195 -4.671544 -8.807416 
-0.7189425 1.33184 0.633321 0.8458764 0.6343914 0.9753875 0.5618805 0.09756465 1.100021 1.566048 -0.07123028 0.9973551 1.53929 0.6523076 2.234847 -0.2331405 -0.8378921 0.1995265 -1.020764 -0.348014 2.589495 -0.06903572 -0.2672331 0.5504481 0.9197243 -0.9237675 -1.118596 -0.5552193 -2.061358 -0.04937736 0.9408007 1.374287 -0.3465255 -1.848266 -0.1453816 -0.3552701 0.6521896 -0.1358296 -0.308264 0.3584136 -1.299616 0.3138841 -0.5427831 1.213267 -0.1572757 0.9283726 -0.1288058 -1.001724 0.1845558 -0.1575213 -0.7101237 -1.148787 -0.5088421 -1.37792 -0.08805318 0.05416601 -1.391698 -1.067352 0.3301544 0.67952 -0.6038646 0.9962603 0.8263829 0.3076708 -1.331567 0.329884 -0.262012 0.713109 0.7678113 0.794404 1.241876 0.5939709 -0.3353515 0.596842 0.07452075 -0.9590794 0.2009936 -0.4768651 -0.02553012 0.1903452 0.1681273 -0.1646318 -1.063092 0.8979161 -0.03831084 -0.6130557 0.06384458 0.1352275 -0.5027186 1.430066 
-0.5696029 0.2470771 2.024223 -1.243588 -0.154322 0.3891029 0.4255524 0.9925278 -0.8011138 0.5941806 0.9856372 -0.5634871 -1.200326 -0.7548532 0.519469 0.112789 0.4969497 0.04705709 0.1619905 0.3745272 -0.2353696 0.1779991 -1.291632 -2.296096 1.08911 0.6423659 0.05378382 0.4801841 -1.580321 1.662321 0.4908733 0.1017783 0.8021494 -0.4754246 -1.648275 0.322269 0.5344807 -0.7940562 -0.6541769 -0.09080257 1.01093 1.853408 -0.1717101 0.3816649 -0.4634444 1.145988 -0.8486359 1.115586 -0.632977 -0.1195524 -0.6841565 -0.6468607 1.193785 -1.077169 -0.5956562 1.94277 0.6938258 -1.756964 -0.4729286 -0.137941 -0.9208003 0.334241 -0.6536567 -0.9820803 -1.640039 1.918297 -1.52749 -0.08048678 1.135642 0.5943112 0.6334172 0.04492896 -0.355954 0.3277779 0.4112175 -0.1063978 -1.155344 1.378001 0.5758136 -1.902952 -0.4929141 0.00757522 -1.457977 -0.3957941 1.435516 0.404706 0.4050749 -0.5739905 1.052957 -2.15646 -1.523462 -0.8304483 0.7633237 0.04061286 -1.488847 
-1.285254 -1.282004 0.8982852 -1.451485 -1.984905 1.343221 -0.4505299 -0.4993833 1.428785 0.5395932 0.7526965 0.485866 0.7777728 -0.5071329 0.09190436 1.34826 0.639901 -1.18764 -0.2305256 1.500985 -1.360392 -0.3294382 -0.1314801 1.12884 -0.6290808 -0.6748047 -0.1719535 0.9634002 -0.01559466 1.239848 0.7483323 -1.94526 -0.5415648 -0.5041949 0.3179008 -1.392169 -0.03490515 0.3018265 -0.9506125 1.194417 -0.0469215 -0.07148836 -0.7812005 -1.251528 -0.5326794 0.8524461 -0.1863495 -1.342737 1.031566 0.8362709 0.41087 0.3603284 0.1361767 0.6877758 0.6797778 -0.8215619 0.0557816 -0.3523347 -0.5361785 -1.425338 1.67817 -0.4029257 -0.5514767 -0.1905731 1.095114 -0.3993237 -0.1823597 -0.4476371 -0.3817652 1.160661 0.05245924 -0.7165567 -0.3252202 0.1394479 -0.07442642 -0.8327816 -0.487379 -0.4196418 -2.005871 0.8100504 -1.278894 0.5745097 -0.454189 -0.5830328 0.115736 -0.3378133 -0.3389154 0.5080101 0.3585688 -1.091483 0.3357137 -0.128197 -0.7977144 2.174901 -0.7575656 -1.021011 0.2855873 0.5699661 0.03125958 -0.3833278 
