-1.656579369714002 -3.034622910117742 4.041567250251183 2.764494352993555 -2.967188642807375 
1.447767178059471 -0.8387384186407233 1.532131998063624 -1.457227624933026 1.307007712397688 -2.62997662781418 -1.318194659823011 -1.78001759925982 0.4079655513644585 3.612302115542782 
-31.13462597272678 0.261565905861251 -3.031185188292521 16.81832981174723 26.82994574195136 -23.3030832768103 -11.25611681335502 -18.27846898692948 1.433758895805839 7.604074286004161 -1.789420138093205 -2.020927321321724 19.19270675303879 7.64382218672702 3.231823569251263 
-0.1890669226768858 -0.3535452331399914 3.376834582928669 2.08960005136178 1.561774917852582 0.5539821594042541 -0.4070931373622615 -0.9772839420844858 -0.9178049528411995 -0.732538846023329 -3.512370251523041 -3.241946817570729 1.304730924434887 0.5113223539355209 -0.5906330847113214 -1.13302897360634 -1.387437989562884 0.9172112985606448 1.631343368619376 2.962108901264016 
-0.8980302615929637 4.32925660834969 5.285827144286977 9.085759265417261 17.98672495532731 4.86827972177931 -3.486468403831373 4.463242513219215 1.996313639058277 -3.144690438818595 -29.04205404568029 -37.66349944146375 -18.95620644751615 6.886833477048216 -0.5819389821733516 8.471178133738574 1.157941249078949 -4.431686349170894 8.005998710427551 3.508359310649804 -1.03297261189546 -13.61762986186118 -12.0265002428745 16.65909088672636 9.040211455387222 
1.159981087929882 0.8458493647183304 2.216473535967447 1.16372040410985 0.2884499088517097 0.3347975310336798 -2.545774245141114 -0.5784911212164344 -1.085666383930382 -1.351923691724869 0.5189726496442388 -0.1102110076847229 0.316843709415141 -1.123755644901193 -0.1212596266211532 0.4286410027849563 0.592543838138382 0.5358657238129171 0.317623870932638 -3.44592680447361 -0.1289372978926558 -0.4616451265191266 -0.09203778327478582 -0.2889300831807689 1.014947812163888 1.793246476890809 -0.5752378873010668 0.3407769893280705 0.7465021922493384 0.0454471457353566 
-1.476920635616165 -1.700438124371988 1.747695410887702 -0.1289844626719791 2.089566594040845 0.1674178942893988 0.8116188703502425 2.944922037043393 -0.41257284503278 -0.7880489561891614 -1.838545975946849 -1.662562614553986 2.685830524224399 -1.689261743888326 -1.461155154977069 2.294031037495684 0.247287652099073 -4.619218816684721 0.9715021564341557 -1.939133537432088 -0.9877214471671228 0.9867319967848078 1.206111951360737 -1.785128368772272 3.0019943717641 1.134357766120718 -0.9246370778589134 -4.128861657670171 -0.1498853997488754 -1.580365276958146 1.923507262714242 -1.225330798153965 -2.061588145719575 2.825664502570469 5.398690052146756 
0.5971787024612629 3.08681553619172 2.855021848965965 0.01592673504186037 1.581386368708914 -4.38997960993086 1.794208113223791 -0.07061592775422622 4.91711016235982 0.115658150351446 -0.3528380487654275 0.52970817686052 -1.159859319305076 -2.910670055307897 -0.3987113441781872 -5.055246429931326 0.09810936682726586 -1.27995243171691 0.5633401243870134 -0.2037025769847495 -0.5926469940253283 -0.587700489423034 -1.201399923655118 -2.864665426701535 -0.5810251908061299 6.618508144486236 1.148125516500544 -0.5156136176705682 0.04000937976535317 -1.700801752709667 0.5774785343258938 1.773765918668192 0.2041278799429931 2.438330386793207 0.5582648343257468 -1.805968619127221 -2.902964538380314 -0.5628411948120233 -0.09994066789817391 2.138932973701706 
-0.8498769583424399 -0.7719658200666392 2.614426452740874 0.09664975511184666 -2.750774504131811 0.9792072295368338 -0.08690085992893032 -0.5771206631899966 -0.6121007381166776 -0.1507700528224478 -2.203265863306978 0.2693613915282412 -2.154251999986578 -1.397440998373617 1.136687570656532 0.04142974487531754 -0.3756525078482066 0.1637282191980785 -0.8664918013719389 2.492354913940493 0.5042404866609612 0.8481319891437271 0.501773079910962 0.784286725455851 0.421291761443946 1.504967931201409 0.791030578314829 0.7070870330508043 -1.509535912278044 0.2759754417817955 -0.7843804121871431 -0.2420762263365528 1.099872273249734 0.2965240918396564 1.021103481480493 -1.047490748998389 1.149397909587074 -0.5693603809039761 -1.147265487131264 0.5218322886174084 0.307911906175021 0.007627799398645895 -0.8206337177802998 0.7719511858744246 -0.5876630271325345 
-1.093892379915141 7.273649473820618 0.2745167782193128 -2.856324860504481 -2.431646809668048 -0.5708057076825576 -1.876452512854632 -1.282948179033422 0.938198112117746 -4.244325899498651 -0.8384775274962243 0.1435653396810254 3.197436750537485 -4.71721456097417 -2.568921157097605 3.576342080129123 3.598036789463161 -3.308476288989788 -0.2692983348475664 4.853393183012116 -1.190760855709365 1.861259277603167 -0.05016660507239934 4.178119153935122 3.750133991054907 -5.346625813710369 -0.8444152182213909 -0.6748453901897545 5.88043958552278 -4.724207079175597 3.150888476254826 4.198303984621753 0.7022130917129645 2.405379822804619 -1.889924119208446 -5.546999185864681 0.5082017622671365 -2.863520754733492 0.3050431266792653 0.732292010038592 1.425626809969227 4.088177227413078 -4.555534437899818 -1.601746894527029 6.449072404989932 -1.10538221075697 -0.6628883511641144 0.2963874101823382 -0.09421348063380411 -0.8901760076643057 
-0.8855727081960265 1.046241786206905 -0.4154900619881157 0.1812566073132162 0.2128374317043926 3.219949476417345 -2.572810736703559 0.5729481321992199 -1.199170706339689 -0.004319673426897274 -2.994855912225532 -0.5777136471031757 0.8538853901307553 -0.3027191246096625 -0.5075087116675544 -0.363430736213477 0.3313899266796783 2.005703586807509 0.1620970407068624 1.502056398091948 -0.04275238501399443 1.337254992610836 -0.4164874725751782 2.461668221122962 -0.1906850329597981 0.2349027440038371 3.168842523282183 1.389638393200231 5.454049626551236 0.4564980860888475 -1.849518009700626 0.7850146261988074 -1.390194911881094 -4.967177962161569 -2.526155065247339 -5.489980829815588 0.7201526649197489 -0.7748233118627241 -0.8482163008192203 -0.02886662047949452 -1.932058342320188 -0.1812901078412549 1.633957419235709 0.1523518567865399 1.958909322488548 3.276123826182192 -3.100041446996399 4.792860350886525 -0.8600008606814198 -3.529595007991695 -1.237921227495337 3.183682348997218 -2.736976003124973 2.349946543324684 -1.036495246278419 
2.299459300135366 -0.906966121670424 3.92232480642326 -0.8355186173133579 1.281889792273565 2.522291883403266 1.081710978422873 -1.897604177054026 0.9211428245994477 -0.9351121275792592 1.521439254181189 1.29110766293833 -0.9455034539568223 0.06440172041514738 0.02268852195063303 0.6337606375349836 -1.918472835237768 -1.428734112033193 -0.1079214174184566 1.342498287619329 -1.20558055542676 -0.03411000786099588 -2.785406677656001 1.316904273576658 0.3520460441529449 2.048081766352715 0.3630443446518816 2.891618174264687 3.460984693495331 -1.843781792764465 0.9366052955021181 -2.238817658471306 1.631672184056863 -0.3546266329586425 -1.932819955692239 2.091028619231942 0.2897707347597024 -0.351998099987212 2.427338082701517 -3.91425901514486 -3.286944412672519 -1.602404840300379 -0.100720341886692 1.154862193664405 -1.061313330030324 -5.810280253948 -2.306406839488833 1.011099909011562 -0.2335616813734798 -7.540288826203832 0.4296304383645312 2.370545689235287 -1.629371849318684 3.256951909304032 -1.535750448586145 2.217891227434668 0.5288225862338094 -4.573041487261559 1.6607304207827 2.883264307888746 
0.745996954901368 -0.46626886303041 0.2498810056432299 -0.3251731280821238 0.1552689474887649 0.4849708493327576 0.06475509225595434 0.368220183231567 -0.1033738560149733 0.4060006015314526 -0.001275352296988105 0.09458010080308596 -0.01733206414232584 0.1439166667246591 -0.2216223371659114 0.09030330659423264 0.1272053491998327 -0.1179298968566019 0.2200593010400324 -0.2118976078724201 -0.4202180359843876 0.02760691908133162 -0.02762254377682006 -0.2270949116174493 -0.4381849244398587 -0.00480455087885351 0.04563611089847277 -0.3138020469561342 0.5371281574124736 -0.5457019423171555 -0.2706090311449728 -0.1229708435481514 0.03610965737417796 0.08159810705733293 -0.196746776454121 -0.4317933049554089 0.05142130412326702 0.2172642981414332 -0.1220159501184765 -0.2910594572780282 0.2492163777990511 0.6079385463402508 0.5875826014253525 -0.1243913269804839 -0.0146048101848241 0.3244381190163464 -0.01858036128314844 0.1252173800542203 0.3007968219127889 0.08958151491222431 -0.3013593555094212 0.06881401213196608 -0.09531729664897454 -0.5860725221351789 -0.04039743852277827 0.1028346071220692 0.2913742112230364 -0.3464313516979555 0.08229967175731751 -0.02259454351493739 0.09913618110724556 0.2025002349339383 -0.1685311824367684 0.04452551867285384 -0.1649279442163736 
-3.405701002466359 -0.9544450019293189 -3.116910485055701 1.085592960471965 2.540871044291871 0.4718931111536576 7.052223589433522 12.08476353832276 6.310090853587297 -1.503260704334022 -0.7324631925402464 -4.669538540340067 -1.685918990026126 -2.15255360846463 1.617666271514314 1.723440103295745 -3.149125018726435 3.118397325897048 5.634135991438874 -2.214441728897235 -2.341131472690874 -2.451241307739201 0.9060211351674771 4.02017522730443 7.799452413786285 -0.2862424117821012 -3.55643867101057 -0.4438900295723744 -2.046771072197259 -2.310825787293215 3.663810575887936 1.061347022813309 0.3022476004172322 1.815678297119316 -0.482706195879496 -4.575487475641319 -3.41992914788033 3.43118985303663 -7.679970131221544 0.6736842369832166 0.1984557898210642 1.986339682714779 -4.013815845534225 2.441156981225612 1.711889852601387 -0.06240829676440211 0.2448208324090798 -2.892310109055967 -0.8467831714890395 -2.865223779865728 -0.7516936724911967 2.056068976541555 -2.920917041901796 3.780231301364898 0.02871743478174587 1.823700297308175 -4.687041903212656 -1.374805668178953 -3.093922601044582 0.7427380871515741 5.228242510422726 -1.848494156110143 2.099272547180666 0.7800004321042351 0.1040464981893189 5.233099895773221 -5.613643789890933 -4.526099550463178 -1.56307245754702 2.633340574792145 
0.268459269724751 -2.681231774872874 0.06045975352856404 6.626706497016275 6.774459474309241 -0.2435902153795911 -3.068045783656871 -0.2979800661844651 -0.02723299493245753 4.734064455125285 3.108290714267596 1.831816813900121 -1.762749910024666 0.07756470399880978 2.799493181270877 -0.01940433197010804 0.9498216087854423 -3.015543677950121 3.803345178039359 -2.979996616238917 -0.3884100183158264 -0.2710163726343676 2.856440441632571 -6.273315228762121 4.024017786941471 -1.362421614111427 -0.8733222412150844 3.981608855795868 -1.14937873950989 -0.6833687992143699 0.2900631189589157 -2.913961392031796 0.8190737765609274 1.653620725011516 0.8026601177234191 -1.194472020532765 0.4429773269112615 -0.2343794053878419 0.2123287845823487 7.328887098978657 -0.05611351896928342 -2.606390155193488 1.339071787800745 0.7529251373410322 2.879888273242159 1.423378252919195 4.907114661057449 2.209817600039376 -5.619607102105023 1.659009514140064 0.896680388773864 -2.525024998030693 -4.405801153683313 3.234077051076271 -5.330017033744681 -3.297408686996459 3.264070867843549 0.271332206941902 -4.128806191478558 -1.144910979003609 -2.834606706742788 -2.090003938546661 -6.225070835039164 3.945835419974863 -5.285948628875853 -0.9612834178386113 -1.650413177359127 1.187699176472769 -0.8621197582202502 -2.546027806074186 0.1193300878878945 -0.5057859842728466 3.34686814053945 -3.176910342852401 3.020497551850023 
-0.4349375134700722 1.459827534093079 0.3956005735234044 -0.8553420993779548 1.002821068357104 -0.0505357514460694 0.1196981583280259 -0.6630011121577585 -0.9002850422723321 1.489446072360073 0.2410379673757837 0.4670822645473593 0.006317582851123196 0.1590366861619994 0.6743205274303746 -0.2206552467076614 0.1250256516903969 -0.8391163754948835 0.2364751826595703 0.1896272021894807 -0.2353211355082602 -0.936698779364472 0.0795044007242092 0.4094817855075171 -0.9853366912404515 -0.2582356501822025 2.012307434839101 1.377799842752399 -0.6037277013062843 0.1769746290592391 0.5993477686445077 -0.4424086657955631 0.679198755911121 -0.793921250243213 1.373048190814358 0.9961232259265742 -1.142203358229983 -1.50177001029629 -1.606339684305311 0.1961233059503998 -1.677302379809716 -0.001802884967735631 -1.005006764027079 0.568338209330447 0.3123226014456677 -0.9645350027173286 -0.4315341078922226 0.4050883934417716 -0.0001650087593776011 -0.4829174020695087 -0.2230824754760192 0.2533537484083211 0.8580598482128866 -1.056756727851206 0.3510111588802869 -1.640022923193536 1.176356212178968 -0.3318123194396045 0.3308164701916391 -0.2303291541919701 -0.3125939344053607 0.7230209113753857 0.347513154224983 0.4495059729853347 1.141224174586301 -2.051629577257743 2.525748287970413 1.072344401738217 0.1285301367060835 -0.3219950519240256 -0.05581348255829009 0.08165249153801692 0.1232594404514027 -0.722089301833323 -0.3294315792035397 0.1597429016442815 -0.1948970234856499 0.4943866766692677 -0.6336635280615956 -0.09441329463643809 
-0.9170589170794354 0.378431375074246 -0.102700444360437 0.4415345878819882 -0.1208339985742625 1.005723794017497 1.069419616158549 -0.09883109089611884 3.253457220441785 0.1804958582232311 0.1660574466708834 1.47825609916991 -1.329984686732043 1.081405219406147 0.2852837511801635 -0.7278804385319873 -1.568507534541358 -0.1176670938048705 0.792764391052298 0.7539727809274175 -0.7422684417516653 -0.979265388895338 0.183465775406405 0.5837195228745271 -1.009980549408685 -2.379027996859433 -0.5295782786124718 -0.1287690880551163 -0.2566569733813038 2.042594456000922 -1.374954460536705 -0.2466038838027376 0.4215992862042892 -1.658195267749727 -0.01949075589410192 0.1569912256944538 5.098967668880382 -0.6969408838381682 -1.811295493312669 -0.3481394441162735 1.652227327221331 -3.52501091574029 0.3685844159442896 0.3858528674589637 0.3717605342698132 1.282002942584465 1.300202699606036 -0.2975280584984076 1.332136339838551 0.02210534457765974 0.1678843473891372 0.8905251192139126 -1.593157471368482 -0.3246848862658954 -1.478213167503164 0.3862947391297947 0.2729866693534318 -0.3919203170321371 -1.532652028275536 2.132318349561594 -1.117545608608396 -1.087382360964349 0.4930525545381091 -0.8685784755505443 -2.39472313114673 1.53416948164123 -0.09627731718064099 -1.694603336491941 -0.918933849548984 -0.07788099167052463 -2.216528712808593 -0.1154407021304762 -0.3994202863947545 -0.1573543316850648 0.3802220887535128 1.097655844903578 0.4880817940847345 0.660525163097447 1.17669367061373 0.5624343724966551 1.11432573495789 0.4812637977340746 -0.1012520823245455 -0.6985892909360684 2.225391368401724 
-2.534370236995974 0.1832379611587539 -1.163264335505955 1.21822540611122 -0.5195848147064941 -0.215309045364108 1.569876521105761 0.2673634662722904 1.660013458009353 0.7653672714065242 -0.524759074466252 0.6095995091734239 -2.566112461904103 -0.3353333522945652 1.377056345975496 -1.456838560639086 -1.256444440044941 -1.382137294406091 0.3875603573497381 -1.500879710805338 -0.2999727473280648 -2.162698549889202 0.4526678008338474 0.3820506605177429 0.257492278238232 0.5659115246273139 -0.9201938134916131 0.6013137472106643 2.613538777733281 0.9084753089992543 -0.4539937605196571 3.172340317456042 0.5320584875038247 0.03851746367654122 0.3730423829302384 2.48054312354273 1.462352685704251 -0.5461621498460109 -4.044034086840934 0.9293434242156134 1.263458932381174 -0.5071896316179109 0.1073481340302378 -0.2085630933676623 -0.08289345209101792 -0.9616540408936189 -1.501527132983391 -1.523634883394684 2.220917613674482 0.4392778270992188 1.189876600982479 -4.426360235677143 -0.6629968760844753 2.071521627231018 -1.345488265323987 -0.1356790673394857 -0.7157470590018207 1.089165313197927 3.363229882334003 -3.649686182586176 1.923994354605163 0.2857115414142272 3.185055749881324 -0.807311490822997 -0.5183778019986043 -8.181389400117933 1.329591904076646 -0.2935173137451813 0.2748272122508989 1.549422798362834 -1.042440424475342 0.9871966837799867 -1.52196779808478 -0.7202462394192194 0.7537089618314822 -1.990331751962203 1.176408267163137 0.2767870042699982 -0.3192557464271814 0.5290557391745211 1.392527481508221 0.6800018130392431 0.8474880398670365 2.03890965823456 -3.776510912427872 0.6625356181291855 -1.720478519220594 0.7232617717266601 3.101571643504627 -0.4217011139783406 
-0.2178696194599574 -0.2470941773593374 -1.526083984398879 -0.1612351380400035 -0.2508388506756001 0.275059315857346 -0.1813449430544661 1.671286858718104 0.1065500964820649 -0.03180051923096205 -0.0252106643620317 -0.4306951787456787 -0.5608266746692803 -0.801293407106784 1.100851358860318 0.494166185978502 -0.6485878868895623 -0.8733066065877176 0.3265388787170119 1.726095558144692 -0.1858527190791035 -0.08278278924317975 0.7146259821621018 0.2415692217725633 0.1356695725258033 0.1544268080543846 -0.2983723119513596 0.2341537936890776 0.3337076332063296 0.3049939245259238 -0.4372624988669611 -0.6778054130587227 -0.01908834629911377 0.7011339775355356 0.2774200104967456 0.3879708427383528 1.296465340943616 -0.7449525633841112 -0.02167950448228759 0.4261782899122455 -0.5317496671006386 -0.03276600462938251 0.8113334212255497 1.274952826973052 -1.266195603148017 0.4194168097081002 -0.237541882805042 0.193996004989341 0.9971030060836767 0.5491750009487854 -0.7012623263704206 -0.3566418429379727 -0.524163278212034 1.430784380556328 -1.055165184631996 -0.2554082260409776 0.01927644674797368 1.147997548802045 0.1107855607029591 -0.5834416112641243 0.3148267392032179 0.2156082734885467 0.3307249290339574 1.47871337051241 0.1390060534909947 -0.5429476358791302 0.2713567246778151 0.1535441509720768 0.2142590073577608 0.03727006077871906 -0.1533536500281761 -0.4488454631945553 0.1085249455336367 -1.199176198233957 -0.5419436394089525 0.1249817176747437 -1.27144374484904 -0.4137312427705334 -0.5860454777087271 0.05030063853989162 -0.6837025212969383 -0.2512918832154402 -0.04034579444802044 -0.04765970648503099 0.1414313038791566 -0.610551753491212 1.033110564706883 0.5444893722019923 0.09494888600971163 -0.7632177337979177 0.6440905756417985 -1.260299250170962 -0.4677714503767444 -0.3838346517039738 0.4048440130482236 
1.988117372868191 -0.4691247696430874 -0.4058251970449355 -1.253342902704975 1.39915985616616 -3.023830796834534 2.975296274286533 1.569987107031177 -0.1988002407719942 0.4028666701585271 0.5528084679793095 -1.648036340652261 1.469362748152899 -2.073607154039502 -1.723226517555577 2.029758488235922 -2.289610487066779 -2.262998311152178 1.108275003508427 -1.840214774987336 -4.56078729284047 -0.3441323548038993 0.977137655716562 -0.8326425554610513 4.461303806909782 2.241380844442415 0.2339389924992946 3.497733106308035 1.99432696177778 -1.923205466372779 -0.8876145601287051 0.4826372493943789 0.2687096337125553 -1.192076390317995 0.2812572845619841 -0.571987525538012 0.2547469573660633 0.1861774726382102 0.3261775510450259 2.58130291788057 -0.9117797797499089 1.602002960422565 0.1606873326366171 -1.045520755431229 -1.664234668862445 1.077083658641706 0.5648651686739383 -2.872926805908079 0.7594319406425687 -1.455874323522752 -0.2754341756304653 2.535324109868737 -0.8013357435903372 -0.2092357056747467 0.5560288952006747 -2.812105592329956 -3.184246550888039 3.160400207174541 -1.030232044474508 -2.512538371856966 -1.274612454399822 -0.6747287122764519 -0.3898944253133612 0.8799609662656723 0.8163209378698744 -1.75478871089112 -1.754972087348756 -0.05668133777180048 -2.931756097870306 0.5416863336358678 -0.1105028969152231 0.6559477797360934 -1.087059339108058 0.7749945364519956 0.5100852564444602 0.6492508147260728 5.52872101139338 1.291925133621665 0.1120591301091833 0.3427193240331597 -1.517024913398801 -2.633859517210933 2.929288427732438 0.3460638728925916 0.4893545204838439 2.648347877615523 -0.8979804854326043 -1.665477396358864 0.2139584417866483 1.179290140468882 0.9624543535394782 1.098572934559738 1.593436712846761 -0.6731424286867079 0.1626246382639959 0.526389640069358 0.4483957813855212 0.4023145090290897 -2.51958500675848 -1.009621548839749 
