0.90951014 0.31454405 1.0160691 -0.28803113 0.67752117 
-1.8445989 1.7654698 -0.18134902 0.39159364 -0.94589776 -0.043604448 5.0180802 -1.0293375 -1.2666343 0.043421011 
17.929096 -24.286722 -16.229666 -15.397225 -21.185034 17.286766 -36.978565 -14.451033 -5.1981034 -21.396467 -3.9372284 -5.2451134 -31.259914 5.9313898 7.598989 
-4.0223475 13.640577 6.1697335 -1.1142051 11.88889 -9.912015 1.3465669 9.5941925 1.0277941 13.816831 -2.1469734 2.8523653 -8.1032982 -5.0596738 -7.0396757 -15.737609 5.13941 11.79248 6.2728591 11.169367 
-3.7114978 2.3855956 2.0035968 -6.7512012 -2.9165235 -2.3704231 1.405651 -8.8213224 -1.196514 -5.1885858 -11.104346 -8.1978483 6.7129483 -1.629529 -0.24547069 1.979913 -2.9974477 3.5119543 -5.2937546 0.69211751 -0.71037352 -4.5747247 -5.2625036 -5.6561308 2.8535099 
-0.34462777 0.59175164 -1.4164184 -0.55926704 -0.89494181 -2.9914091 1.4853996 -0.19228792 -0.23670857 -0.75000316 0.61139143 -0.62904364 -1.024928 0.36846083 -0.21580634 -0.40774792 2.3057618 -0.12282751 -1.4545834 1.1611187 -0.057754185 -0.39659688 0.38055393 -0.58246118 -0.50823748 2.2617095 0.66754186 -1.226662 -0.11907516 0.50391781 
-2.6967311 -0.22647353 -0.58471656 1.768708 1.0312748 -1.3413926 0.28509033 -0.23798048 0.84165919 -0.36202747 0.96912831 -1.4013649 1.9759753 1.9586054 -2.1203952 0.2291477 -0.98250216 -0.65521318 -0.83979481 2.3802752 -1.0614175 1.0108082 -1.8293959 0.94730252 3.2682207 1.786958 -0.53333104 0.9650197 1.8202953 2.6291313 -0.47772074 -0.83469296 0.42337206 -1.9720459 -2.172457 
1.16589 -1.3100675 -1.6611474 0.48304969 0.29870641 -0.053020228 2.1918077 -0.22846371 -0.32438818 -0.48651564 -0.47143587 1.004248 0.29388529 0.5649488 -0.76934141 0.93294281 -1.2257291 0.49477908 0.74591291 1.2029477 -1.2197 0.05436258 0.2587072 -1.4910865 -0.66693175 -0.16237415 -0.44196871 1.050056 -1.2991135 -1.1901568 1.4339695 0.8406536 0.62806696 -0.039133199 -2.38539 0.081464067 0.65971607 -1.1109445 0.23152861 -1.4317789 
-0.180841 12.588552 -12.225042 3.6732631 5.4579887 -15.37 -4.2115307 6.680243 -1.0392255 -4.7506223 -0.71739852 7.8897614 -6.9277329 -4.03896 7.569448 -0.77868557 -1.2274693 7.8911338 -2.2346499 4.5065389 8.4300823 1.8354775 5.1453538 5.6653838 -0.21735123 4.6711993 9.1049585 -4.8758082 -1.182384 7.1258411 0.59658968 -6.9344921 3.8723383 7.6511602 3.3174424 8.3935986 -9.7621574 -3.4427199 0.34924126 -8.5146847 -7.7611933 4.3357334 -6.7597661 -9.0266199 2.8751998 
0.47440606 3.6298537 5.6832886 7.5394068 0.41171345 -12.373988 12.816662 -9.2960224 -8.6865463 -5.659657 -7.1270108 -11.604023 -7.2502823 -6.9083991 -3.2634957 7.584022 -8.0284653 -0.40723825 -1.2668514 18.261047 0.55707151 -1.3689406 12.974013 -0.049926285 10.365562 -5.7042713 -8.9179697 -15.511212 3.6408763 17.589722 -11.550616 6.5773339 14.977684 -2.600199 -9.7751131 7.182888 10.015522 -9.6373682 4.2847152 -3.7773414 -5.0490661 0.89828104 4.196229 15.890713 4.4608712 30.065542 -6.1262345 11.497709 7.8882937 4.0805116 
0.72775775 -0.55124551 0.45529458 0.051667649 -0.32401147 0.23853581 -0.18453707 1.5009484 0.95417273 -0.73231292 0.099203326 -1.1051563 0.12357131 0.61620402 -0.50778431 -0.55466229 -0.93218791 -0.31073684 0.37649465 0.50291812 -0.8328374 0.3700217 -1.1490372 -0.17005305 0.84105688 0.35673216 -1.0898459 -0.45244229 -0.083671309 0.36420286 -0.044137813 0.16840884 0.14290921 0.47269595 -1.3904353 -1.1478993 0.93896741 0.1603635 -0.031931993 0.37835011 0.24145587 -1.4110277 -0.022938157 -0.68833411 0.042648058 -0.6564092 -0.82812786 -1.2907047 -1.3140954 -0.28466314 0.57169861 -0.46479717 0.46019578 0.33351344 0.57209098 
-0.30471873 0.061761316 0.051680762 0.033154495 -0.24805202 -0.23312087 0.18530992 -0.38387915 0.82919109 0.30514699 0.47564742 0.26183259 0.19991484 0.16928986 -0.1495073 -0.36931098 0.30147061 -0.20364094 -0.27214476 -0.40045184 -0.05302994 0.021814391 -0.5169394 0.23283927 -0.36745411 0.093998224 -0.2006457 -0.44428921 -0.020794641 0.32485107 0.33020994 0.27859461 0.32175863 -0.28786594 0.17688182 -0.18530196 -0.44655129 0.22815692 -0.020905592 0.41108286 -0.29904899 0.11557987 0.50388426 -0.30598262 -0.23972832 0.022420714 0.31175587 -0.30211103 -0.16046581 0.34960669 0.31241632 -0.0068024322 0.17931655 -0.20758019 0.023223674 -0.45270205 0.21917748 0.1367196 0.2401403 0.27200603 
-0.57200813 0.29998198 4.2369194 2.3420827 -0.012599076 -1.2525096 4.3184695 3.4503927 0.54378319 0.52523631 -0.25005123 -1.3706093 -1.6698693 -0.80249828 1.4037056 -1.5114782 1.4146408 2.006511 2.7806702 -3.8142068 2.1818991 1.4207134 2.0965078 -0.7268123 3.3362992 -2.1351857 1.739344 0.82426083 -0.14900054 -2.3736303 3.7243102 -1.380899 -2.603301 3.4288878 -0.20720853 -0.53817028 3.2212491 -4.0013776 -1.6416186 -3.4685979 0.5467242 -3.4981279 -0.082059167 1.2847464 -4.0491376 1.9977212 -2.0601709 1.0845037 -1.6448171 -3.4815881 0.081661172 3.0202453 1.5310625 -0.98188335 1.7263211 2.557698 -5.8457694 -0.48722187 3.1366968 1.4495149 -0.89751756 1.4946644 -0.0087959515 -2.2107861 0.42434102 
0.17210521 -0.78312027 -0.50956708 -0.053784862 -0.29137731 0.36717814 -0.16632028 -0.33164042 0.42712855 0.16126849 -0.1820298 -0.44833365 0.041942913 -0.35622248 -0.11373085 -0.062680654 -0.62010711 -0.19072679 -0.80835253 -0.2953321 -0.82041907 -0.21350662 -0.78375131 0.039636105 -0.63074785 0.17224842 0.75999314 -0.38974857 0.29833937 -0.96365887 0.36378819 -0.25463703 0.21845895 0.090572976 -0.89524567 0.21185994 -0.20553392 0.10193833 -0.11719852 0.14069919 0.58191764 0.62968898 0.11952144 -0.31076396 0.35765395 -0.065524861 0.56770772 -0.090651616 0.38208991 0.57136029 0.26373047 -0.13812575 0.40296161 -0.037963565 0.042637553 -0.83323437 0.031381756 -0.15217891 -0.22149448 0.45394063 0.044529747 -0.31169897 0.088978112 0.15806691 -0.1474904 0.54363382 -0.20106792 0.52875352 0.48814219 -0.0043928479 
-1.5311444 -2.2252638 0.79992968 1.9238452 0.32410622 1.2421274 -0.82210737 2.1410892 1.287948 -1.1504517 0.81283832 0.41793135 -2.3491437 0.74623483 -2.0223596 0.8511436 -0.28740197 1.7950537 -0.99428481 0.84057212 1.8278236 -0.78128666 0.080238417 0.79305845 0.9998033 -0.17802209 -1.1762596 -0.51128888 -0.2240769 -1.6517559 -0.22502185 -0.80038905 0.6015178 -1.1086897 1.187839 -0.28121641 -0.21091953 0.43129784 1.6875646 -0.45589486 0.28162238 0.59603947 1.206997 -1.3296795 -0.90842932 0.23018639 -1.617726 1.5236427 1.1394353 -0.90335947 -0.50356835 -1.055505 0.59914315 -0.65646267 -0.19672684 -0.095519006 0.12438255 -0.3700656 -0.11853033 -1.3647383 -0.4930732 -1.0321087 2.1545846 1.0043631 -1.022859 0.44406527 -1.0501157 -1.539413 0.74798524 -1.0487752 1.7195902 0.4603425 1.2589332 -0.56161964 0.17295074 
61.989193 71.058914 64.927223 63.844128 -54.451214 23.384039 6.1444201 40.462521 -46.587257 30.801184 29.542912 28.812437 1.9054461 -49.503231 30.345434 -51.925621 26.975191 35.944191 46.720348 -80.880959 -34.194336 37.591236 -14.970084 -24.362907 -93.712715 -20.864065 40.696861 -12.535805 -86.425835 69.026192 -42.851585 55.347633 -21.394247 74.10405 87.477173 4.1267371 -54.872055 6.788147 104.84703 -63.337242 28.224802 32.153843 -51.575542 -18.587421 -19.072697 -81.987724 43.997528 -8.0045376 -67.56076 -97.885429 -81.771095 39.650402 -2.5323021 8.9728022 -9.463603 -9.8559856 22.453501 50.016037 -5.6943312 -14.415973 0.8769626 14.141686 30.978371 16.739143 54.709183 -42.91972 -6.1396565 7.4694567 68.053162 -4.7105765 -5.7008305 -13.248032 59.195023 18.325274 -5.8567495 39.907524 -93.218094 -28.021759 -63.010738 30.780376 
-5.9289222 7.7440653 7.7637157 3.6212797 -1.8831726 1.9310887 2.4770267 0.099928923 2.6533759 1.336533 7.6077762 1.3341606 2.9335215 13.687895 -4.7001824 7.549058 -6.0893345 -2.8110936 -2.9945848 -1.3152859 -4.578598 0.32798037 10.93233 8.1661806 1.1237315 -3.846117 11.802961 -8.1862164 -6.4743738 11.57712 -12.661696 0.4034732 5.0855274 -10.015346 -0.41574663 0.68312651 3.8690975 -3.050107 8.2144794 -4.5572791 5.7483826 -4.2923784 2.9901466 -2.8681188 6.3319378 -4.1156459 1.0852681 2.4961147 -7.5784879 -7.5540066 -9.0365305 -5.2413435 -9.1967592 -4.2151089 4.6599259 4.5719695 2.2084584 0.54423642 -5.0468612 2.3377628 -8.5569305 -8.3187819 6.5487123 2.7759728 0.078698426 0.62834263 -1.5269783 -3.5433886 4.541575 -14.611964 1.2078354 2.662667 10.858046 -0.088924631 -13.70238 7.6022434 1.0849267 2.2863026 -0.45112044 -0.78851759 -0.14484257 0.51567715 6.5295315 -4.671731 -8.8078384 
-0.7189461 1.3318398 0.63331896 0.84587771 0.63439125 0.97538543 0.56187713 0.097562172 1.1000189 1.5660475 -0.071230479 0.99735445 1.539289 0.65230906 2.2348433 -0.23314044 -0.8378889 0.19952828 -1.0207642 -0.34801355 2.589493 -0.069035046 -0.26723304 0.55044711 0.91972327 -0.92376763 -1.1185927 -0.55522144 -2.0613585 -0.049378708 0.94079763 1.3742874 -0.34652859 -1.848262 -0.1453809 -0.35526872 0.65218747 -0.13583075 -0.30826333 0.35841408 -1.2996171 0.31388223 -0.54278058 1.2132658 -0.15727365 0.92837018 -0.12880598 -1.0017231 0.18455648 -0.15751953 -0.71012151 -1.148785 -0.50884122 -1.3779185 -0.088051744 0.054165121 -1.3916953 -1.0673518 0.33015615 0.67951906 -0.60386431 0.99625891 0.82638246 0.30766886 -1.3315634 0.3298834 -0.26201147 0.71310872 0.76780993 0.79440236 1.2418741 0.59397209 -0.33535329 0.59684163 0.074519932 -0.9590773 0.20099394 -0.47686428 -0.025531098 0.19034491 0.16812909 -0.16463369 -1.0630915 0.89791554 -0.038310528 -0.61305392 0.063842222 0.13522735 -0.50271606 1.4300667 
-0.56960446 0.24707474 2.024231 -1.2435886 -0.15431648 0.38910463 0.42555055 0.99253207 -0.80111533 0.59418136 0.98563576 -0.56349385 -1.2003281 -0.75485319 0.51947266 0.11278455 0.496948 0.047059145 0.16198698 0.37452993 -0.23536955 0.17799574 -1.291631 -2.2961004 1.0891134 0.64236498 0.053785514 0.48018017 -1.5803245 1.6623248 0.4908708 0.1017845 0.80215067 -0.47542679 -1.6482756 0.32227075 0.53448123 -0.79405469 -0.65417886 -0.090804584 1.0109328 1.8534142 -0.17171279 0.38166374 -0.46344596 1.1459908 -0.84863645 1.1155841 -0.6329754 -0.11955175 -0.6841557 -0.646864 1.193789 -1.0771663 -0.59565449 1.9427743 0.69382459 -1.7569637 -0.47293025 -0.13794346 -0.92080057 0.33424199 -0.65365714 -0.98207968 -1.6400459 1.9183021 -1.5274941 -0.080488645 1.1356479 0.5943085 0.63341528 0.044929139 -0.35595867 0.3277798 0.41122049 -0.10639816 -1.1553499 1.3780036 0.57581902 -1.9029505 -0.49291509 0.007582088 -1.4579812 -0.39579254 1.4355168 0.40470871 0.4050706 -0.57399338 1.0529592 -2.1564665 -1.5234697 -0.83045202 0.76332343 0.04061161 -1.4888483 
-1.2852509 -1.282004 0.89828563 -1.4514853 -1.9849024 1.3432168 -0.45052791 -0.49938393 1.4287821 0.53959024 0.75269443 0.48586375 0.77776951 -0.50712883 0.091904581 1.3482567 0.63990009 -1.187636 -0.23052767 1.5009781 -1.360388 -0.32943794 -0.13147935 1.1288388 -0.62908334 -0.67480475 -0.17195493 0.96339631 -0.015593073 1.2398502 0.74833322 -1.9452559 -0.54156196 -0.50419265 0.31790325 -1.3921666 -0.034903783 0.30182454 -0.95060986 1.1944141 -0.046925589 -0.071490109 -0.78120035 -1.2515266 -0.53267866 0.85244387 -0.18635462 -1.3427339 1.0315605 0.8362655 0.41086909 0.36032796 0.13617164 0.68777102 0.67978352 -0.82156134 0.055786438 -0.35233334 -0.53617549 -1.4253391 1.6781708 -0.40292305 -0.55147749 -0.19057488 1.0951109 -0.39932144 -0.18235806 -0.44763482 -0.3817628 1.1606567 0.052458182 -0.71655297 -0.32522312 0.13944595 -0.074424163 -0.83277947 -0.4873805 -0.41964087 -2.0058732 0.81004786 -1.2788895 0.57451183 -0.45418692 -0.58303201 0.11573227 -0.33781525 -0.33891675 0.50800782 0.35856304 -1.091484 0.33571014 -0.12819761 -0.79771507 2.1748972 -0.75756019 -1.0210092 0.28558582 0.56996572 0.031259693 -0.38332719 
