0.90951 0.3145437 1.016069 -0.2880314 0.6775213 
-1.844604 1.765468 -0.1813513 0.3915954 -0.9459026 -0.04360566 5.018082 -1.029339 -1.266636 0.04342075 
17.93395 -24.29324 -16.23396 -15.40152 -21.19057 17.29129 -36.98829 -14.45484 -5.199345 -21.40203 -3.938195 -5.246288 -31.26827 5.932833 7.601066 
-4.022291 13.64057 6.169662 -1.11437 11.88873 -9.911941 1.346516 9.594119 1.027769 13.8167 -2.147024 2.852381 -8.103231 -5.059589 -7.0396 -15.73749 5.139342 11.79238 6.272793 11.16924 
-3.711516 2.385597 2.003606 -6.751139 -2.916467 -2.370424 1.4057 -8.821266 -1.196431 -5.188573 -11.10436 -8.197834 6.713062 -1.629552 -0.245487 1.9799 -2.997423 3.511958 -5.293729 0.6921142 -0.7103654 -4.574714 -5.262467 -5.656126 2.853496 
-0.3446743 0.591742 -1.416351 -0.5591133 -0.8948951 -2.991302 1.485326 -0.1923421 -0.2366956 -0.7499681 0.6113355 -0.6290163 -1.024828 0.3684766 -0.2157527 -0.4077232 2.305604 -0.1227973 -1.454466 1.161065 -0.05770193 -0.3966988 0.3805813 -0.5824643 -0.5082045 2.261656 0.6675769 -1.226593 -0.1190593 0.5039303 
-2.69645 -0.2264686 -0.5846606 1.768574 1.031278 -1.34121 0.2851692 -0.2378715 0.8415721 -0.3619264 0.9690499 -1.401462 1.975915 1.958657 -2.12018 0.229198 -0.9823832 -0.6552778 -0.839718 2.380099 -1.061349 1.010675 -1.82936 0.9473222 3.267995 1.786827 -0.5333913 0.9649455 1.820162 2.629131 -0.4777532 -0.8346968 0.4233616 -1.971951 -2.172319 
1.165933 -1.310112 -1.661288 0.4830863 0.298797 -0.05305374 2.191999 -0.2284223 -0.324374 -0.4865156 -0.4714154 1.004293 0.2938895 0.5650828 -0.769304 0.9329641 -1.225836 0.4948303 0.7460364 1.203005 -1.219764 0.05443213 0.2587193 -1.491099 -0.6669225 -0.1624297 -0.4419594 1.050168 -1.299165 -1.190216 1.434087 0.8406496 0.6280823 -0.0391473 -2.385532 0.08146719 0.6597162 -1.111051 0.2315343 -1.431827 
-0.1806565 12.58524 -12.22205 3.672717 5.456098 -15.36631 -4.210585 6.678725 -1.038856 -4.749455 -0.7174172 7.887774 -6.925981 -4.037413 7.567514 -0.778516 -1.227012 7.889706 -2.234422 4.505767 8.428015 1.835028 5.144191 5.663948 -0.2172671 4.670522 9.10232 -4.874759 -1.181863 7.123884 0.5967153 -6.932719 3.871415 7.649596 3.316846 8.391304 -9.759786 -3.441689 0.3491245 -8.512554 -7.75908 4.334448 -6.75807 -9.024304 2.874763 
0.4741381 3.630333 5.683454 7.540642 0.4114251 -12.3745 12.8182 -9.297091 -8.687397 -5.660228 -7.126762 -11.60487 -7.25057 -6.909997 -3.263674 7.584914 -8.02843 -0.4071817 -1.266623 18.26144 0.5572712 -1.369517 12.97551 -0.0507975 10.36695 -5.704841 -8.918499 -15.51268 3.641259 17.59119 -11.55169 6.57801 14.97813 -2.60026 -9.776962 7.182711 10.01662 -9.637923 4.285559 -3.776169 -5.049975 0.8983423 4.196546 15.8923 4.460793 30.06792 -6.126382 11.49887 7.888732 4.082509 
0.7277492 -0.5512255 0.4553154 0.05166754 -0.3239936 0.2384968 -0.1845273 1.500939 0.9541332 -0.7322764 0.09919559 -1.105126 0.1235575 0.6161889 -0.5077753 -0.5546798 -0.9321877 -0.3107835 0.3764943 0.5029013 -0.832865 0.3700219 -1.149016 -0.1700541 0.8410326 0.3567172 -1.089848 -0.452439 -0.08366462 0.364131 -0.04416906 0.1684104 0.1429458 0.4727184 -1.3904 -1.147893 0.9389621 0.1603558 -0.03190901 0.3783721 0.2414288 -1.41099 -0.02292607 -0.6883483 0.04262952 -0.6563954 -0.8281237 -1.290694 -1.314086 -0.2846512 0.5716839 -0.4647699 0.4601472 0.3335192 0.5720969 
-0.3047128 0.0617618 0.05167134 0.0331556 -0.2480556 -0.2331236 0.1853056 -0.3838777 0.8292127 0.305149 0.4756325 0.2618186 0.1999094 0.1692932 -0.1495118 -0.3693098 0.3014714 -0.2036584 -0.2721432 -0.4004529 -0.05302493 0.02180636 -0.5169403 0.2328419 -0.3674491 0.09400646 -0.2006503 -0.4442951 -0.02080058 0.32485 0.3302099 0.2785875 0.321763 -0.2878706 0.1768828 -0.1853065 -0.4465482 0.2281489 -0.02091065 0.4110787 -0.2990498 0.1155758 0.5038804 -0.30598 -0.2397312 0.02242155 0.3117522 -0.3021101 -0.1604688 0.3496122 0.3124106 -0.006801265 0.1793195 -0.2075775 0.0232328 -0.4526992 0.2191785 0.136715 0.2401405 0.2720067 
-0.5719444 0.2998981 4.237 2.341976 -0.012488 -1.252448 4.318342 3.450432 0.5437607 0.5252786 -0.2500804 -1.37053 -1.669773 -0.8024061 1.403594 -1.511474 1.414528 2.006531 2.78075 -3.814094 2.181915 1.420647 2.09646 -0.7266989 3.336237 -2.135287 1.73937 0.8242775 -0.1490331 -2.373536 3.72432 -1.380795 -2.60319 3.428859 -0.2072544 -0.5382521 3.221238 -4.001269 -1.641533 -3.468516 0.5466264 -3.498079 -0.08209286 1.284812 -4.04905 1.997814 -2.06011 1.084518 -1.644836 -3.481606 0.08165561 3.020134 1.530965 -0.9819144 1.726297 2.557653 -5.845662 -0.4871891 3.136645 1.44953 -0.8975818 1.494726 -0.008837603 -2.21084 0.4243311 
0.1721024 -0.7831103 -0.509564 -0.05375557 -0.2913617 0.3671359 -0.1663023 -0.3316292 0.4271423 0.1612979 -0.1820465 -0.4483107 0.041954 -0.3561799 -0.113755 -0.06267874 -0.6200737 -0.1907392 -0.8083537 -0.2953092 -0.8204092 -0.2134938 -0.7837576 0.03960612 -0.6307377 0.1722286 0.7599449 -0.3897473 0.2983313 -0.9636859 0.3637803 -0.2546571 0.2184639 0.09054996 -0.8952225 0.2118569 -0.2055099 0.1019422 -0.1171927 0.1407288 0.5818847 0.6296905 0.1195349 -0.3107841 0.3576407 -0.06552023 0.567654 -0.09066177 0.382075 0.5713938 0.263711 -0.1381501 0.4029786 -0.03797774 0.04259619 -0.8332217 0.03139417 -0.1521603 -0.2214878 0.453947 0.04452478 -0.311679 0.08898068 0.1580337 -0.1474996 0.543602 -0.2010334 0.5287427 0.4881267 -0.004380025 
-1.53097 -2.22616 0.799971 1.924637 0.324076 1.242639 -0.8224575 2.141894 1.288317 -1.151064 0.813068 0.4180673 -2.349779 0.7462946 -2.023042 0.851317 -0.2875719 1.79559 -0.9946626 0.8411036 1.828436 -0.781522 0.0801909 0.7933248 0.9999517 -0.1781797 -1.17657 -0.5115601 -0.223948 -1.652371 -0.2250894 -0.8005844 0.6015437 -1.1089 1.18802 -0.2813502 -0.2112107 0.4314124 1.687918 -0.4560535 0.2816721 0.5964111 1.207149 -1.330233 -0.9089025 0.2303447 -1.6181 1.524097 1.139623 -0.903703 -0.5037744 -1.056053 0.5992358 -0.6568744 -0.1969712 -0.0957386 0.1244391 -0.3700559 -0.1184726 -1.365216 -0.4933885 -1.032441 2.155379 1.004684 -1.023085 0.4444205 -1.050319 -1.539929 0.7482443 -1.049135 1.720135 0.46042 1.259241 -0.5618688 0.1730498 
62.97564 72.25794 66.12053 64.99197 -55.39345 23.78277 6.283515 41.14558 -47.41658 31.27617 30.0421 29.31328 1.981454 -50.35151 30.80198 -52.85425 27.40854 36.56164 47.49718 -82.24609 -34.77704 38.1829 -15.23532 -24.83628 -95.29436 -21.19926 41.33165 -12.77307 -87.90344 70.16818 -43.52272 56.30101 -21.74998 75.3419 88.97404 4.222631 -55.79958 6.895923 106.6207 -64.4857 28.7075 32.69564 -52.50148 -18.93444 -19.42111 -83.37183 44.79824 -8.145062 -68.70229 -99.583 -83.18111 40.28711 -2.59003 9.08281 -9.669291 -10.03232 22.84113 50.91037 -5.807685 -14.6925 0.8744817 14.39977 31.52807 16.9514 55.59207 -43.59883 -6.236371 7.606493 69.189 -4.769877 -5.870193 -13.44053 60.20294 18.5936 -6.017307 40.60213 -94.77541 -28.47873 -64.04314 31.30667 
-5.931682 7.746459 7.76607 3.622051 -1.88384 1.93153 2.477403 0.09979926 2.653144 1.336775 7.610032 1.334314 2.93408 13.69247 -4.701545 7.551431 -6.091887 -2.812119 -2.995219 -1.316352 -4.579936 0.328139 10.93534 8.168645 1.124227 -3.847283 11.80616 -8.188156 -6.476338 11.58108 -12.66501 0.40346 5.087418 -10.0179 -0.4157801 0.6833442 3.870118 -3.050637 8.216503 -4.558969 5.750268 -4.293768 2.991362 -2.869324 6.333808 -4.117081 1.085706 2.497168 -7.580776 -7.556736 -9.039284 -5.243002 -9.199647 -4.21652 4.661196 4.573806 2.209178 0.5439616 -5.048188 2.33836 -8.559488 -8.321502 6.550612 2.776501 0.07903972 0.6285176 -1.527107 -3.544207 4.54303 -14.61636 1.208148 2.663715 10.86166 -0.08912308 -13.70628 7.60499 1.085564 2.28722 -0.4515049 -0.7885894 -0.1446905 0.5157034 6.531746 -4.673356 -8.810851 
-0.717984 1.331424 0.6333043 0.8453592 0.6340604 0.9748927 0.5619124 0.09781221 1.099671 1.565243 -0.07127492 0.9970916 1.538609 0.6520636 2.234021 -0.2332167 -0.8379928 0.1998009 -1.020352 -0.3482424 2.588499 -0.06910726 -0.2671236 0.5500985 0.9196033 -0.9235824 -1.118621 -0.5548187 -2.06101 -0.04902007 0.9408522 1.373604 -0.3461385 -1.847873 -0.1458471 -0.3552396 0.6520678 -0.1360426 -0.3081966 0.3577008 -1.298661 0.3139189 -0.5427822 1.21263 -0.1571498 0.9280238 -0.1289512 -1.001516 0.1840966 -0.1574523 -0.7101151 -1.148578 -0.5088802 -1.377544 -0.0880402 0.05436532 -1.391092 -1.066992 0.3301627 0.6798259 -0.6038379 0.995806 0.825626 0.3075758 -1.331315 0.3299766 -0.2620509 0.7131051 0.7674935 0.7939274 1.241519 0.5934567 -0.3350537 0.5968379 0.07468563 -0.9589995 0.2007686 -0.4769462 -0.02516575 0.1904613 0.168056 -0.1642019 -1.062533 0.8975703 -0.03839306 -0.6132897 0.06395082 0.1350964 -0.5027621 1.429454 
-0.5693684 0.2473415 2.023232 -1.243198 -0.1548029 0.3889958 0.4254448 0.9918808 -0.8011332 0.594165 0.9855304 -0.5628481 -1.199986 -0.7544238 0.5190061 0.113259 0.4970228 0.04681785 0.1622384 0.3741561 -0.2353904 0.1780264 -1.291615 -2.295309 1.0887 0.6424685 0.05375585 0.4802914 -1.579898 1.661984 0.4908838 0.101393 0.8021882 -0.4752095 -1.647997 0.3220494 0.5346664 -0.794311 -0.6539745 -0.090671 1.010754 1.852746 -0.171532 0.3818497 -0.4632316 1.14561 -0.8484215 1.115613 -0.6333016 -0.1195377 -0.6841929 -0.6465088 1.193188 -1.077582 -0.5958672 1.94228 0.6940911 -1.756719 -0.4723425 -0.1375982 -0.9208195 0.3340921 -0.6535544 -0.9817989 -1.639441 1.917691 -1.527338 -0.08013667 1.135092 0.59423 0.6334798 0.04486689 -0.3555224 0.3277186 0.4109153 -0.1062316 -1.154846 1.377827 0.5753587 -1.902776 -0.4927715 0.007174487 -1.457345 -0.3958448 1.435518 0.4047446 0.405344 -0.5735671 1.052745 -2.155866 -1.522816 -0.8303944 0.7634677 0.04057308 -1.488648 
-1.285465 -1.282066 0.8984729 -1.451677 -1.985353 1.343446 -0.4508026 -0.4995171 1.42898 0.5395497 0.7528715 0.4859245 0.777743 -0.5073028 0.09201606 1.348216 0.6398889 -1.187845 -0.2304566 1.501151 -1.360603 -0.3293807 -0.1314734 1.128919 -0.6291815 -0.6746415 -0.1719073 0.9634323 -0.01546512 1.239883 0.7484506 -1.945455 -0.541673 -0.5042884 0.3178887 -1.392299 -0.03495459 0.3020567 -0.9504834 1.194552 -0.04690733 -0.07146373 -0.7813429 -1.251563 -0.5325708 0.8525366 -0.1862631 -1.342812 1.031865 0.8363984 0.4108575 0.3603348 0.1362328 0.6878613 0.6797675 -0.8215842 0.05572134 -0.3523813 -0.536167 -1.425536 1.678434 -0.4030364 -0.5514898 -0.1905469 1.095364 -0.3993986 -0.1824271 -0.4478774 -0.3816708 1.160762 0.05246843 -0.7166842 -0.3251096 0.1397493 -0.07455499 -0.8330319 -0.4875176 -0.4196353 -2.005956 0.8101878 -1.279152 0.5744653 -0.4542184 -0.5830712 0.115767 -0.3376784 -0.3388668 0.508182 0.3587113 -1.091615 0.3357553 -0.1281143 -0.7977693 2.175108 -0.7577296 -1.020994 0.2857796 0.5701162 0.03121378 -0.383402 
