-1.656579369714 -3.03462291011774 4.04156725025118 2.76449435299356 -2.96718864280738 
1.44776717805948 -0.838738418640723 1.53213199806364 -1.45722762493304 1.3070077123977 -2.62997662781421 -1.31819465982302 -1.78001759925983 0.407965551364463 3.61230211554281 
-31.1346259727264 0.261565905861275 -3.0311851882925 16.8183298117471 26.8299457419511 -23.3030832768101 -11.2561168133549 -18.2784689869293 1.4337588958058 7.6040742860041 -1.78942013809319 -2.02092732132171 19.1927067530386 7.64382218672695 3.23182356925122 
-0.189066922676812 -0.353545233140008 3.37683458292873 2.08960005136176 1.56177491785257 0.553982159404296 -0.407093137362258 -0.977283942084503 -0.91780495284117 -0.732538846023329 -3.51237025152306 -3.24194681757074 1.30473092443487 0.511322353935433 -0.590633084711326 -1.13302897360633 -1.38743798956288 0.917211298560646 1.6313433686194 2.96210890126401 
-0.898030261593092 4.32925660835033 5.28582714428786 9.08575926541852 17.9867249553294 4.86827972177984 -3.48646840383184 4.46324251321977 1.99631363905846 -3.14469043881895 -29.0420540456841 -37.6634994414685 -18.9562064475185 6.88683347704907 -0.581938982173443 8.47117813373958 1.15794124907908 -4.43168634917145 8.00599871042866 3.50835931065001 -1.03297261189572 -13.6176298618628 -12.0265002428759 16.6590908867284 9.04021145538833 
1.15998108792986 0.845849364718281 2.21647353596736 1.16372040410986 0.28844990885169 0.334797531033694 -2.54577424514104 -0.578491121216408 -1.08566638393037 -1.35192369172481 0.518972649644234 -0.110211007684723 0.316843709415129 -1.12375564490117 -0.121259626621154 0.428641002784945 0.592543838138322 0.535865723812938 0.317623870932637 -3.44592680447352 -0.12893729789265 -0.461645126519117 -0.0920377832747905 -0.288930083180761 1.01494781216387 1.7932464768908 -0.575237887301075 0.340776989328072 0.746502192249309 0.0454471457353471 
-1.47692063561624 -1.70043812437209 1.74769541088788 -0.128984462671982 2.08956659404098 0.167417894289422 0.811618870350321 2.94492203704362 -0.41257284503274 -0.788048956189242 -1.83854597594698 -1.66256261455409 2.68583052422459 -1.68926174388845 -1.46115515497717 2.29403103749592 0.247287652099021 -4.61921881668503 0.971502156434249 -1.93913353743226 -0.987721447167225 0.986731996784885 1.20611195136085 -1.78512836877253 3.0019943717644 1.13435776612086 -0.924637077859106 -4.12886165767055 -0.149885399748897 -1.58036527695821 1.92350726271433 -1.22533079815406 -2.06158814571975 2.82566450257068 5.3986900521471 
0.597178702461355 3.086815536192 2.85502184896624 0.0159267350418008 1.58138636870905 -4.3899796099313 1.79420811322382 -0.0706159277542249 4.91711016236028 0.115658150351536 -0.3528380487655 0.529708176860649 -1.1598593193052 -2.9106700553082 -0.398711344178249 -5.05524642993164 0.0981093668272185 -1.27995243171703 0.563340124387071 -0.203702576984807 -0.592646994025414 -0.587700489423103 -1.2013999236552 -2.86466542670175 -0.581025190806138 6.61850814448681 1.14812551650061 -0.51561361767061 0.0400093797653643 -1.70080175270982 0.577478534325918 1.77376591866835 0.204127879943017 2.43833038679351 0.55826483432582 -1.80596861912738 -2.90296453838054 -0.562841194812096 -0.0999406678981677 2.13893297370186 
-0.849876958342282 -0.77196582006654 2.6144264527407 0.096649755111757 -2.75077450413157 0.979207229536708 -0.0869008599289075 -0.577120663190026 -0.612100738116548 -0.150770052822363 -2.20326586330684 0.269361391528193 -2.15425199998644 -1.39744099837344 1.1366875706564 0.0414297448752398 -0.375652507848163 0.163728219198047 -0.866491801371737 2.49235491394039 0.504240486660991 0.848131989143606 0.501773079910871 0.784286725455793 0.421291761443903 1.50496793120127 0.791030578314731 0.707087033050676 -1.50953591227799 0.275975441781731 -0.784380412186983 -0.242076226336536 1.09987227324963 0.296524091839739 1.02110348148056 -1.04749074899835 1.14939790958698 -0.569360380904009 -1.14726548713127 0.521832288617333 0.307911906174806 0.00762779939875157 -0.820633717780207 0.771951185874428 -0.587663027132439 
-1.09389237991527 7.27364947382089 0.274516778219588 -2.85632486050457 -2.43164680966832 -0.570805707682423 -1.87645251285515 -1.2829481790333 0.938198112117387 -4.24432589949858 -0.838477527496134 0.14356533968067 3.19743675053771 -4.71721456097429 -2.56892115709749 3.57634208012917 3.59803678946342 -3.30847628898975 -0.269298334847695 4.8533931830126 -1.19076085570944 1.86125927760324 -0.0501666050726032 4.17811915393522 3.75013399105521 -5.34662581371069 -0.844415218221448 -0.674845390189875 5.88043958552313 -4.7242070791756 3.15088847625491 4.1983039846218 0.702213091712928 2.40537982280479 -1.88992411920856 -5.54699918586508 0.508201762267306 -2.86352075473359 0.305043126679116 0.732292010038692 1.42562680996923 4.08817722741326 -4.55553443790005 -1.60174689452716 6.44907240499017 -1.10538221075704 -0.66288835116411 0.296387410182425 -0.094213480633687 -0.890176007664335 
-0.885572708232576 1.04624178628854 -0.415490062015665 0.181256607355811 0.212837431822034 3.21994947652265 -2.57281073677238 0.572948132227531 -1.19917070637897 -0.00431967342592841 -2.99485591240642 -0.577713647111383 0.853885390313475 -0.302719124664267 -0.507508711644773 -0.363430736231102 0.331389926679442 2.00570358695477 0.162097040739403 1.50205639815071 -0.0427523850887109 1.33725499266084 -0.416487472662169 2.46166822119207 -0.190685033001321 0.234902744001917 3.16884252343712 1.38963839318742 5.45404962688506 0.456498086066744 -1.84951800978591 0.785014626223066 -1.39019491200639 -4.96717796246038 -2.52615506535024 -5.48998083016178 0.720152664991524 -0.774823311897855 -0.848216300881703 -0.028866620429547 -1.93205834238655 -0.181290107840677 1.63395741929469 0.152351856801903 1.95890932253548 3.27612382632436 -3.10004144716521 4.79286035113779 -0.860000860865621 -3.52959500812444 -1.23792122757064 3.18368234919398 -2.73697600325135 2.34994654342962 -1.03649524626431 
2.29945930013242 -0.906966121668068 3.92232480641726 -0.835518617311738 1.28188979227128 2.52229188339833 1.08171097842034 -1.89760417705116 0.921142824597879 -0.935112127578379 1.52143925418047 1.29110766293596 -0.945503453954853 0.0644017204153136 0.0226885219508917 0.633760637533718 -1.918472835234 -1.4287341120304 -0.107921417418301 1.34249828761736 -1.20558055542439 -0.0341100078599404 -2.78540667765137 1.31690427357497 0.352046044153681 2.04808176635019 0.363044344650921 2.89161817426075 3.46098469349009 -1.84378179276089 0.936605295500163 -2.23881765846855 1.63167218405453 -0.35462663295834 -1.93281995568863 2.09102861922805 0.289770734759239 -0.351998099986782 2.42733808269925 -3.91425901513993 -3.28694441266948 -1.60240484029823 -0.100720341887405 1.15486219366347 -1.06131333003068 -5.81028025393894 -2.30640683948564 1.0110999090103 -0.23356168137364 -7.54028882619232 0.429630438363415 2.37054568923088 -1.62937184931737 3.25695190930127 -1.53575044858233 2.21789122743039 0.528822586233568 -4.57304148725439 1.66073042078014 2.88326430788292 
0.745996954901388 -0.46626886303041 0.249881005643231 -0.325173128082119 0.155268947488778 0.484970849332774 0.0647550922559989 0.368220183231579 -0.103373856014971 0.406000601531426 -0.00127535229699601 0.0945801008030588 -0.0173320641423437 0.143916666724652 -0.221622337165931 0.0903033065942344 0.127205349199829 -0.117929896856612 0.220059301040021 -0.211897607872412 -0.420218035984396 0.0276069190813141 -0.0276225437768188 -0.227094911617479 -0.438184924439851 -0.00480455087883551 0.0456361108984605 -0.313802046956097 0.537128157412482 -0.545701942317137 -0.270609031144986 -0.122970843548158 0.0361096573742041 0.0815981070573294 -0.196746776454122 -0.431793304955406 0.0514213041232611 0.217264298141445 -0.122015950118466 -0.291059457278057 0.249216377799039 0.60793854634029 0.587582601425342 -0.12439132698047 -0.014604810184841 0.324438119016334 -0.0185803612831559 0.125217380054235 0.300796821912804 0.0895815149122279 -0.301359355509423 0.0688140121319663 -0.095317296648976 -0.586072522135177 -0.040397438522792 0.102834607122096 0.291374211223022 -0.346431351697963 0.082299671757307 -0.0225945435149404 0.0991361811072413 0.20250023493395 -0.168531182436791 0.0445255186728564 -0.164927944216377 
-3.40570100246584 -0.954445001929075 -3.11691048505614 1.08559296047194 2.54087104429175 0.471893111153647 7.05222358943322 12.0847635383222 6.3100908535865 -1.50326070433392 -0.732463192540264 -4.6695385403401 -1.68591899002591 -2.15255360846432 1.61766627151404 1.72344010329567 -3.14912501872618 3.11839732589684 5.63413599143847 -2.21444172889687 -2.34113147269099 -2.45124130773904 0.90602113516757 4.02017522730404 7.79945241378562 -0.286242411782053 -3.55643867101039 -0.443890029572171 -2.04677107219734 -2.31082578729281 3.6638105758876 1.06134702281324 0.302247600417151 1.81567829711944 -0.482706195879277 -4.57548747564117 -3.41992914788032 3.43118985303634 -7.67997013122136 0.673684236983184 0.198455789820864 1.98633968271475 -4.01381584553402 2.44115698122555 1.71188985260166 -0.0624082967644298 0.244820832409046 -2.89231010905571 -0.846783171489018 -2.86522377986556 -0.751693672491327 2.05606897654141 -2.92091704190165 3.78023130136483 0.0287174347818904 1.82370029730814 -4.68704190321237 -1.37480566817859 -3.09392260104446 0.742738087151583 5.22824251042257 -1.84849415610999 2.09927254718068 0.780000432103982 0.104046498189284 5.23309989577299 -5.61364378989057 -4.52609955046302 -1.56307245754685 2.63334057479192 
0.268459269724896 -2.68123177487229 0.0604597535284943 6.62670649701444 6.77445947430716 -0.24359021537952 -3.06804578365617 -0.297980066184702 -0.0272329949324841 4.73406445512407 3.10829071426649 1.83181681389994 -1.76274991002397 0.0775647039982785 2.79949318127 -0.0194043319700418 0.94982160878498 -3.01554367794945 3.80334517803831 -2.97999661623783 -0.388410018315645 -0.271016372634512 2.85644044163191 -6.27331522876016 4.02401778694052 -1.36242161411113 -0.873322241214672 3.98160885579436 -1.14937873950951 -0.683368799214116 0.290063118958821 -2.913961392031 0.819073776560348 1.6536207250117 0.802660117723292 -1.19447202053203 0.442977326910984 -0.234379405387781 0.212328784582142 7.32888709897636 -0.0561135189692961 -2.60639015519264 1.33907178780048 0.752925137340937 2.87988827324152 1.42337825291893 4.90711466105601 2.20981760003867 -5.61960710210336 1.65900951413908 0.896680388773024 -2.52502499802974 -4.40580115368176 3.23407705107494 -5.33001703374295 -3.29740868699554 3.26407086784285 0.271332206941777 -4.12880619147739 -1.14491097900324 -2.83460670674197 -2.09000393854596 -6.22507083503737 3.94583541997379 -5.28594862887492 -0.961283417838628 -1.65041317735861 1.18769917647245 -0.862119758219731 -2.54602780607353 0.119330087888004 -0.505785984272687 3.34686814053889 -3.17691034285176 3.02049755184926 
-0.434937513470858 1.45982753409272 0.395600573523189 -0.855342099377572 1.00282106835715 -0.0505357514452332 0.119698158328646 -0.663001112158119 -0.900285042272411 1.48944607236068 0.241037967376869 0.467082264546889 0.00631758285115612 0.159036686161733 0.674320527430059 -0.220655246707514 0.125025651690158 -0.839116375494548 0.236475182660509 0.189627202188644 -0.235321135508113 -0.936698779364448 0.0795044007238699 0.409481785506848 -0.985336691240406 -0.258235650182437 2.01230743484024 1.3777998427538 -0.603727701305445 0.176974629059193 0.599347768644455 -0.442408665795158 0.679198755910877 -0.793921250243309 1.37304819081461 0.996123225926255 -1.14220335823052 -1.50177001029682 -1.60633968430638 0.196123305949807 -1.67730237980881 -0.00180288496800002 -1.00500676402714 0.568338209330758 0.312322601445566 -0.964535002717552 -0.431534107892382 0.405088393441543 -0.000165008759008151 -0.482917402069168 -0.223082475476228 0.253353748408129 0.858059848212451 -1.05675672785125 0.351011158880677 -1.64002292319339 1.1763562121787 -0.331812319439477 0.330816470190935 -0.230329154193033 -0.312593934405017 0.723020911375826 0.347513154225584 0.449505972985215 1.14122417458649 -2.05162957725844 2.52574828797066 1.07234440173845 0.128530136706589 -0.321995051923937 -0.0558134825580497 0.0816524915382965 0.123259440451656 -0.722089301833747 -0.329431579203436 0.159742901644113 -0.194897023486501 0.494386676668966 -0.633663528061601 -0.0944132946364238 
-0.917058917079609 0.3784313750743 -0.102700444360869 0.441534587882124 -0.120833998574414 1.00572379401761 1.06941961615874 -0.0988310908962231 3.25345722044196 0.180495858223151 0.166057446670835 1.47825609917016 -1.32998468673222 1.0814052194062 0.285283751180098 -0.727880438532083 -1.56850753454134 -0.117667093804968 0.792764391052457 0.753972780927517 -0.742268441751878 -0.979265388895376 0.183465775406385 0.583719522874645 -1.00998054940875 -2.37902799685962 -0.529578278612441 -0.128769088055016 -0.256656973381462 2.04259445600133 -1.37495446053685 -0.24660388380269 0.421599286204269 -1.65819526775013 -0.0194907558941569 0.15699122569447 5.09896766888086 -0.696940883838138 -1.81129549331291 -0.348139444116007 1.65222732722127 -3.52501091574054 0.368584415944399 0.385852867459062 0.371760534269798 1.28200294258452 1.30020269960628 -0.297528058498514 1.33213633983856 0.0221053445776995 0.167884347389217 0.890525119214073 -1.59315747136857 -0.324684886265934 -1.47821316750343 0.386294739129789 0.272986669353634 -0.391920317032037 -1.53265202827582 2.13231834956197 -1.11754560860854 -1.08738236096439 0.493052554538094 -0.868578475550581 -2.39472313114714 1.53416948164154 -0.0962773171806146 -1.69460333649191 -0.918933849549046 -0.0778809916705254 -2.21652871280879 -0.115440702130479 -0.399420286394879 -0.15735433168501 0.380222088753838 1.09765584490363 0.488081794084592 0.660525163097719 1.17669367061374 0.562434372496576 1.11432573495799 0.481263797734166 -0.101252082324557 -0.698589290936178 2.22539136840185 
-2.5343702369962 0.183237961158776 -1.16326433550602 1.2182254061118 -0.519584814706318 -0.215309045364143 1.56987652110598 0.267363466272342 1.66001345800967 0.765367271406316 -0.524759074466022 0.609599509173664 -2.5661124619045 -0.335333352294729 1.37705634597581 -1.45683856063934 -1.25644444004502 -1.38213729440627 0.38756035734992 -1.5008797108054 -0.299972747328134 -2.16269854988947 0.45266780083368 0.382050660517663 0.257492278238389 0.565911524627446 -0.92019381349196 0.601313747210476 2.61353877773361 0.908475308999225 -0.453993760519628 3.17234031745634 0.532058487503882 0.0385174636767018 0.373042382930204 2.48054312354307 1.46235268570459 -0.546162149846139 -4.04403408684146 0.929343424215715 1.26345893238113 -0.507189631618001 0.10734813403014 -0.208563093367675 -0.082893452090995 -0.961654040893767 -1.50152713298353 -1.52363488339501 2.22091761367474 0.439277827099249 1.18987660098296 -4.42636023567795 -0.662996876084523 2.07152162723116 -1.34548826532433 -0.13567906733949 -0.715747059001918 1.08916531319806 3.36322988233432 -3.64968618258686 1.9239943546053 0.285711541414201 3.18505574988175 -0.807311490823222 -0.518377801998634 -8.18138940011912 1.32959190407672 -0.29351731374518 0.274827212250933 1.54942279836287 -1.04244042447536 0.987196683780309 -1.52196779808505 -0.720246239419124 0.753708961831783 -1.99033175196247 1.17640826716342 0.276787004270288 -0.319255746427271 0.529055739174648 1.39252748150837 0.68000181303925 0.847488039867222 2.03890965823476 -3.77651091242836 0.662535618129223 -1.72047851922063 0.72326177172678 3.10157164350487 -0.421701113978599 
-0.217869619459916 -0.247094177359344 -1.52608398439868 -0.161235138039991 -0.250838850675425 0.275059315857279 -0.181344943054322 1.67128685871792 0.106550096482004 -0.031800519231073 -0.0252106643620765 -0.430695178745634 -0.560826674669212 -0.80129340710681 1.10085135886024 0.494166185978486 -0.648587886889363 -0.873306606587568 0.326538878717097 1.72609555814451 -0.185852719078946 -0.082782789243177 0.714625982161959 0.241569221772419 0.13566957252563 0.154426808054429 -0.29837231195131 0.234153793689126 0.333707633206364 0.304993924525867 -0.437262498866691 -0.677805413058753 -0.0190883462992307 0.701133977535447 0.277420010496701 0.387970842738269 1.2964653409438 -0.744952563384143 -0.0216795044824212 0.426178289912246 -0.531749667100458 -0.0327660046293889 0.811333421225453 1.27495282697288 -1.26619560314787 0.419416809708024 -0.237541882804999 0.193996004989128 0.997103006083479 0.549175000948564 -0.701262326370307 -0.356641842937906 -0.524163278211827 1.43078438055607 -1.05516518463199 -0.255408226040923 0.0192764467479872 1.14799754880198 0.110785560703026 -0.583441611263994 0.314826739203238 0.215608273488507 0.33072492903397 1.47871337051223 0.139006053491018 -0.542947635879121 0.271356724677866 0.153544150972035 0.214259007357887 0.0372700607789136 -0.153353650028029 -0.448845463194474 0.108524945533668 -1.19917619823371 -0.541943639408869 0.124981717674654 -1.27144374484905 -0.413731242770444 -0.586045477708818 0.0503006385397896 -0.683702521296958 -0.251291883215362 -0.0403457944480591 -0.0476597064851006 0.141431303879042 -0.610551753491117 1.03311056470684 0.544489372201719 0.0949488860096222 -0.763217733797809 0.644090575641746 -1.26029925017087 -0.467771450376633 -0.383834651703964 0.40484401304812 
1.98811737286658 -0.469124769642701 -0.405825197043935 -1.2533429027046 1.3991598561665 -3.02383079683525 2.97529627428631 1.56998710703102 -0.198800240772852 0.402866670158055 0.552808467978639 -1.64803634065306 1.46936274815273 -2.07360715403842 -1.72322651755552 2.02975848823646 -2.289610487066 -2.26299831115308 1.10827500350853 -1.84021477498832 -4.5607872928406 -0.344132354803136 0.977137655716486 -0.832642555461876 4.46130380690915 2.24138084444226 0.23393899250014 3.49773310630788 1.99432696177766 -1.92320546637291 -0.887614560128775 0.482637249394839 0.2687096337135 -1.19207639031788 0.28125728456201 -0.57198752553769 0.254746957365505 0.186177472637762 0.326177551044039 2.58130291788112 -0.911779779749456 1.60200296042266 0.160687332636757 -1.04552075543155 -1.66423466886303 1.07708365864238 0.564865168673512 -2.87292680590674 0.759431940642249 -1.45587432352247 -0.275434175631163 2.53532410986913 -0.801335743590048 -0.209235705676254 0.556028895200874 -2.81210559232976 -3.18424655088818 3.16040020717486 -1.03023204447469 -2.51253837185715 -1.27461245440039 -0.674728712276746 -0.389894425313009 0.879960966265809 0.816320937870511 -1.75478871089141 -1.75497208734928 -0.0566813377716644 -2.93175609787019 0.541686333635169 -0.110502896914609 0.6559