0.120732120277799 0.795034308633166 -0.655289286522952 0.1335736268008 2.94954792906891 
0.347707144753492 -0.0593092168024618 -0.112906545620438 -0.20405754900315 -1.39913549109074 0.534546818988106 -0.576386273280879 0.534003586339648 0.357169661790284 2.34750117389335 
0.467923130479285 1.08658124893037 0.364354519409435 1.11871236025915 -0.874463791245524 0.840699207361552 -2.00060705158607 -2.82874027101771 2.03590823825171 -2.31990331243695 -0.438651457568772 1.00676463059546 -0.388437631134197 -0.0588218864963573 0.467756765134496 
0.100407167533067 -0.205509413710138 0.0975634177579628 -0.999806058955941 -0.149625192976334 -0.218987751124631 0.141087610577136 -0.422287603534419 -0.0682056918330111 -0.175552126203684 0.803420750115909 -0.702185411861526 -1.19625228556339 2.11653533808781 0.471538146399726 0.675894931734261 0.942733232574335 0.688026654560942 -2.20716468865436 2.68621422055325 
0.180960831643599 1.62390369200844 0.449612941539538 -0.0357499948362352 -2.78712288568517 -0.439782048962882 1.9912273452273 0.76264674441994 0.10625581485309 0.770078455377022 -0.0659086464577721 0.737387525093908 -0.567230241682086 0.455284833835742 2.05200427375358 -0.548089522303395 1.82422620890522 -1.58077869923209 0.311471567492047 0.741230634462012 0.529790636391082 -1.16393125137746 -1.56725943079564 -1.36577826127975 -0.663664017717104 
-1.91214662583168 -0.249612723531529 9.87063562787901 3.8473444244884 0.121482116497531 -6.91417661065666 0.165487893076614 0.619869541190097 0.95551428074097 -0.594542329564749 -4.29352091019995 3.38045114015824 -2.90588548235714 -1.978050953208 2.16147208343556 0.581746254360049 4.02291459924429 1.5152926255517 3.26437297543319 3.60148542837706 3.34179936928606 -5.69043921731096 -1.52007397373952 -1.08190502256964 -4.45637234227924 6.37623708063575 -5.12109270887913 0.361968597372956 -2.91490987847047 -6.14806914544139 
2.24207095815232 -49.0704175597782 14.3389030001688 0.230824962456317 -19.9715536733112 -64.1937851224982 -13.9020042110636 12.4216167641272 -38.532936134093 35.9842083472371 93.121136968385 52.5913870194652 19.1272217787942 21.3876840900233 -18.3163478703773 54.2867822068538 -23.1737684060174 -14.6805677729582 8.17978612304069 -58.1063167020193 -40.9190001831376 -25.8736186502626 -119.847218942598 -51.5997674993637 62.4654169643501 23.3007235777933 38.9615616274245 9.74104669374336 -19.5928530049202 51.0294503624004 -6.44242577023995 -50.0785963070754 54.2706397161963 2.90174877719832 33.3766753777885 
-0.0120385503810333 0.487343116237069 -5.81323665579491 -4.11364580386179 -0.104806516469019 -1.65959893902473 1.12750016528105 0.573783271752724 0.624907462009111 1.3455399025887 0.262644890658637 -2.1126910990049 -4.05607686755726 5.17864633639964 -0.899349130032154 -3.60175771802888 -1.91284059234761 -3.74850074737253 0.445582658385598 0.540151733550193 0.924152465756821 1.16482914066535 0.73193788254126 4.47415816171671 2.30669317428602 -0.221288931195656 -4.2561624117052 -1.81494857416498 1.92351288753378 3.94244669439161 -3.6848895002295 5.4113431139521 0.126337477078492 0.502832100641912 3.71745910528056 -1.68528834114539 0.235073114045583 0.0908866837922502 1.80328302218515 1.08735640261082 
3.33052066440872 2.82405118638842 3.68101742780335 -3.79513749184668 -1.67042660107812 0.0861801427508151 1.49388962632432 -5.87914222420805 -1.98504546070345 -6.43426192284754 -1.72055089963438 -0.899431851256844 2.3371653305455 -6.57003326580192 -2.54401972440272 -5.49736707451012 3.04020053209711 2.81494674638343 -3.12736647196814 -0.757889320844638 -1.29661569764967 1.96140775047694 3.75267650726704 2.16477780241511 10.3539867380124 8.01295807491432 -7.50957410475814 0.235456486917867 -3.67299804326375 0.0394390265157033 -5.89518948913919 3.62581715166819 -0.783132875291417 4.03360723859368 -7.10185961374971 -3.12623073405719 1.02646136153806 -2.91528058499949 -0.878905409247676 1.92452240960575 4.47114836491189 1.70344649773468 1.2756881663065 7.92599261735694 2.04564307042712 
-0.589040524645075 1.57791654094757 2.37451933245772 -2.68576887600199 -2.91079796736586 -2.18193999858669 3.97296564407654 -2.97691944485543 -3.82389328034754 2.7371951850893 -0.938971172603022 -0.270867000374962 3.63412044441241 3.15523776610801 -2.40987337232551 1.27095280042182 2.50743677446227 3.25816885394042 -1.88329151479167 -3.13473534898265 0.467669991184559 1.43258568163731 -0.90044938006193 2.30226750379939 1.89984910298085 0.628126598412549 -0.487957749700235 -0.307881032192492 4.28030292411123 2.96873197260021 -2.2413871304282 1.014286193202 -0.826759761209387 4.91808062531475 -5.44356801986318 -0.653320804194701 0.446483490960187 -1.43879517792165 1.47932478322816 1.27024362797523 -1.10988233681888 -3.77268846133583 3.95289018134281 0.284507497148006 2.83132840970833 -1.00220147785879 -0.924128702451619 -2.63575391675474 -0.776468916696485 -6.12013865431486 
-0.243764145634122 -0.227870885629255 0.159640169703105 -0.473795070930898 0.57058321778662 0.165235267692008 0.163232235532135 0.0270006430626595 -0.170663371928536 0.0463265914358364 -0.338124759908704 -0.578987013691937 1.35265348994521 0.0933348385069347 -1.26412088734137 0.290032041317874 -0.36782094821333 0.202343923240136 -0.303519051053884 0.618559484501807 0.273898548488567 0.891581335868123 -0.176241266479419 -0.16499658028671 -0.121350230942813 0.265488276092025 -0.0746375747493738 0.404445023723675 -0.269906904169562 -0.101516856359771 -0.340827205801707 -0.43200085949061 -0.183574321804025 0.213586751849105 -0.406930611055939 -0.29223486215261 -0.771764106897373 -0.25811325105415 0.517919906911358 0.440018964903369 0.597965810369789 0.122823048156642 -0.164267992848295 -0.129392866169246 0.687105869073675 0.205263486983026 0.795367374834823 -0.205233357873603 0.504295049625548 0.119684323859895 -0.412439766875768 0.733845668499602 0.092962594509503 -0.0388904373082359 0.0643562621838412 
-0.359398152949805 -0.386646590028218 -0.210143090887797 0.941854138232245 -0.0878143162792103 -0.157312354671534 -0.293186012894557 -1.449914399006 -0.849948447059008 -0.109156856229509 0.407016973814861 0.154019964962568 0.877280883550302 -1.14171225040428 -1.47884217087619 0.707500512721312 0.388282680466245 0.568174966806848 -0.0261854736426228 0.562685546241642 -0.532752944821832 0.135038014625013 1.00221801474037 -0.84904635008115 0.0508210685238609 1.64239224321369 -0.146771660501381 1.06018982532486 0.494146651977557 1.00190506349286 -1.29085666566982 0.311917913145324 -1.33361645593281 -0.809920687699214 0.0541659395786003 -0.432511569269871 1.62667085658004 0.284742146479959 0.208678517335135 -0.469296282493924 0.187030655860682 -3.00793266931911 -0.337132117317173 -0.997257158897136 1.64428715987502 1.53018461999274 0.212199477745593 0.260243437596138 -0.615242622939821 -0.362847720156602 1.59478765552351 0.816041278159556 -0.273663653078801 0.625821973683294 -0.0368763083466293 0.205071397110219 -1.64150957386613 -1.52942791849787 0.216950030686053 0.490407362964927 
-0.0702504469432852 -0.425619307954924 0.279089199754655 0.0383696537613905 0.13857820335405 0.282654230627863 0.0624384303095332 0.121722013587181 0.442041371442177 0.0416675732831884 -0.17888883757697 -0.39912672884049 -0.243633728311581 -0.106301404599912 -0.101431552224953 0.0194411587585168 -0.105854713071543 0.115529149672835 -0.896225507161194 -0.276301790692974 0.149984033363648 -0.361816605007342 0.255521027298145 -0.939120137999482 -0.401669748838392 0.322803479571469 0.756403272893273 -0.0856308313150081 -0.231793778286596 0.626928855923198 -0.129492920441676 0.299544078949204 -0.285211642064715 0.0755242706117347 0.934207164000024 -0.180528338436979 0.430819659737934 0.658407294167201 0.0173122357514683 0.0797166273181851 0.0555279371300367 -0.904275173645328 -0.135651100334872 -0.612968751802672 0.149870437741729 0.132809018151246 0.271836952438326 0.159561239645374 0.13473056893894 -0.642665546791715 0.831447661225309 -0.514854481440712 0.25112458541429 -0.247118621613308 0.314565660012847 0.420907461716567 0.357712227485265 0.416834204304899 0.20862166113767 1.17048639910068 -0.091179240754208 0.209673772202139 -0.059691857375225 -1.63120033476118 0.26836268508265 
-0.802607771773756 1.03167049221491 1.07469605172167 -0.609396988918272 -1.96019764890202 -2.61618516197018 -2.426819748432 -1.35616152193781 1.20803528464881 -3.240216980147 0.196226332363539 1.64735561329922 -0.221193190669547 1.34305391377074 0.212551237345847 -1.20409822126225 2.15441715120309 1.27550112928865 0.593553039087305 0.461233144391238 -0.080888234072295 -0.208401866202948 0.374286299513819 -0.0285137002808152 0.173739457426178 -0.175912726341008 -2.0711108276505 0.461255306254926 0.419761606030128 0.968756464778739 -0.858540480781001 2.188609401633 -1.71157579948647 0.292826941424329 -1.15639342174776 -0.667505285484141 -1.7406113547115 1.53588310593892 0.248634653306028 0.242736297024519 1.15412344395278 0.014558795340585 0.440997374082115 0.641781365083827 3.19850782547463 -1.2053767919507 2.44999119563408 0.0252554259858756 1.00502043097534 -0.719019699957088 -0.398677661903253 -1.24665627442243 1.82510495714889 -0.150200245723662 -1.01173387516401 3.30809280958722 -0.029162935781508 0.677365049907952 0.302636034507004 -1.54983054040153 -1.28093019273869 -1.76275255461307 0.295928309640124 1.3942448611191 1.16329797507207 1.62421148871865 4.16042372045634 -2.89892769589252 -3.49863168481742 0.65498672046131 
1.01860871450133 0.900577303156548 -18.1153630881942 7.35676218519755 -5.33800398594968 -2.0210963522038 -7.1193096119112 -3.8620823208392 -3.70885235692559 -4.47734859293606 3.02416627675942 -2.66521649522399 5.0404244073458 -1.2507916101599 2.75429002091754 -2.86979481470001 11.6545322099616 -2.81353314550173 -5.78701983679611 4.08564807931366 7.63321360064661 5.10947989595052 -6.11160099211006 10.7571159444592 -0.435465169252568 -7.80866373779035 -5.65740842139246 -6.33670692212349 6.44080230449253 0.754923645105386 18.715706528134 9.11059400007746 2.39317950563166 -3.98048604630214 -1.30284619395006 6.21794991613725 5.10230968241181 -8.3640648677911 -1.53861064784968 -3.45969105110881 -7.11836588073282 4.09136183249277 -8.1963276850825 -9.16110176723277 8.4629926820356 -3.70029477529293 0.966756336556052 11.0566823390878 0.976929076463378 5.57086841088223 7.42718603941289 -0.497931839690566 -1.94742579920059 -1.3135731401618 2.58802651333114 0.116424797547446 -7.59191033841051 -4.65652029667163 4.88893187567814 8.41797426477179 0.877193031118971 -6.50586729750291 1.73471945543208 -2.47580532520404 -15.2901934049074 0.181303538971967 -11.7631442790898 -2.94529510985935 2.27986053771822 5.17863469271079 2.62308040218916 -0.248849209021875 -1.50730277863656 1.28558893303385 7.3378474640321 
-0.813122113349016 -1.5345561731866 1.99626605393686 -0.3613286287709 -1.97093886670132 1.50352545614952 -0.159114564467521 -1.43551515210393 -0.676641502731746 -0.735592471719607 0.0312966790779587 -2.15445770653959 0.679223682120862 2.08365930176629 0.605088335648202 0.168192552907294 0.790407455129001 0.348128746341745 -0.225012014783331 -1.71202459834654 -1.68919760496663 0.831207899918772 -0.125374619439806 -2.01179996596465 0.872158412395038 1.25758072554291 -0.548920188278858 0.107415710909627 0.959030089676235 -0.949043634022844 0.522631823327363 0.719385986187001 -0.354026655600726 -2.01834024225205 -0.538299153915271 0.925279119836253 -0.321577107248014 -1.71397715662154 -0.41859095549931 -0.983359110905906 -2.24150969807501 -0.0937911550496635 1.21314639443931 -1.46010318383393 1.26024901433314 1.39149360763629 0.145258981763326 1.02085717828122 0.039064982667931 0.123470827175061 -0.668281890399169 -0.13504473236716 0.680119930506385 0.93480895495657 -1.51381555594776 0.711755691325849 0.503801922623204 1.03814667181779 0.44037257111128 0.357309014965833 -0.684194128984162 1.38213172270598 0.815229259817847 -3.06057385105518 0.667004240707163 -1.04528783665072 -0.27646867635067 0.544652336812633 0.59475244798838 -0.404576238045093 -0.241033551294934 2.91857691479495 0.969083996058561 -0.593260046564671 -0.0795902586152995 1.67092526867421 -1.38216746843509 1.20725375624636 0.661545701958177 0.212417406469896 
-0.468282764229107 -0.289476502487368 -0.454997094996874 -1.77546916894518 -1.0720450269899 4.58251198075548 -3.4484221946129 0.290722168628587 2.07706049189013 -0.020221013511887 3.49593062973964 1.92143615363342 3.26312074523838 1.78647176677899 -2.62831800751291 1.39160137223475 1.52839689193195 -0.496753467122296 1.86170266528988 3.45252323591789 -0.20914878761694 -0.414216696118481 -2.02076346575591 -0.577586598067372 -1.061883939733 -2.4068596758285 -1.13928261958721 -0.029327072550608 0.522318651783561 1.04751300794658 -4.59792780255397 -2.77064689385404 1.01898387087297 0.99199490243215 2.69923947500955 1.82606745093374 4.7810450228711 -2.38754462819923 -2.39573107774549 5.23074988103787 -0.0267808041003945 -0.792056817749531 1.83314348542214 -1.72325558948312 3.07285379589147 -1.4859661776497 -0.0921504003983847 -2.81947203321867 -2.58868505286038 -2.05468847268698 0.0951989020757128 -2.66626482162128 0.251940776491353 -0.125716776734616 1.99463256939244 -0.393433391073149 -1.60999041569312 -0.250088666322116 -0.25121980483585 1.08898309897935 -1.13683759370298 0.0356735410351925 -3.69459660075548 1.04736229988965 -1.52230048269959 -0.178918803269858 0.0113011203808823 3.10995520213887 -1.92761165323267 1.61538812257723 -0.675126926138162 -0.67845301353601 -1.35063645110492 -0.674081481555235 -2.23829511442201 2.02292689607886 -1.66679731626501 -1.51705649881319 1.66097676565031 2.43703855207781 0.889054531820529 3.38016449110302 1.62879162636137 -2.71476745312911 -0.551167875924258 
1.35457105306464 -1.12194240629689 -0.0721454402435712 -0.620025410442269 0.39514706938754 0.103460350843484 0.355130032239761 0.839466161590134 -1.21532792158228 1.50014861136615 -0.883510207534547 0.464407768992199 -1.57019441966323 1.30872023674587 -1.85024564829223 0.302124505793117 -0.0210517267869086 2.50655906315254 -0.364122172101692 -0.505928015311032 1.0592049754835 2.61444498423032 -1.39779415434178 -0.676339366265263 -0.181947301169686 -1.45168620018387 -1.83593686290607 0.710393291643224 -0.759463454120646 -0.214115625429914 -0.513634710899819 -1.2448992045912 0.399215169435351 0.086419922855612 0.667232218107507 -1.10473666163688 -0.512548911914183 1.3047123655637 0.130752607911637 0.290878899323264 0.225716551904373 0.469149440989824 0.274396018563851 -0.0638586016840181 0.458713195431815 0.302480527150765 0.90363258888533 1.24271920597178 -1.28241904048188 0.0651542159345067 -0.59439861517233 0.720246639392667 1.30262986097203 2.5465955441662 -0.563434674542125 1.26666470716333 0.23580859205033 1.53502877745298 0.80344103123834 -0.439888551904435 1.05488528051974 -0.0682296345980404 -0.24485345825996 -0.371803921649086 -0.197185884442151 0.293966725621426 0.127971748118468 -1.36973731839006 0.327990323180302 -0.731737836538717 -0.553477699118072 2.41729919010289 -0.322858345339736 -0.289522388936469 -2.0992950958144 0.668202854800768 -1.59915176955847 -0.733442029750787 1.1504066745392 -0.719298647928962 -1.43875685207105 -2.19689404325022 0.50225954729309 -0.416032347042841 -0.161689303639903 0.767863203881639 0.333548736002261 -0.302699055642503 0.0138184961121928 -0.409734888502593 
-7.5213755295368 3.27689061255126 -4.97139076252181 -7.25831197291639 -10.412612272842 9.49184030412767 -8.71881884496118 3.60128079922866 14.6215383712394 0.791398583196944 -7.83236834663929 3.36199713360868 -5.62938653488282 -22.6933345612651 -7.27855776031299 6.54420089369152 8.18300072452228 -5.26075024962523 10.2066504901786 -5.12208798695226 -2.15176825917915 7.3717327216256 7.64035311706213 -9.0765164704597 0.491180303847625 3.90342564399764 3.16642676041518 -11.3495849961935 -10.6455898421053 14.1159832135748 -2.14757137098159 -7.5853939740479 19.4187500704239 -10.5165875201923 0.849609616190207 -23.7520034530092 18.4045215048055 4.39994588064246 -4.74284258750261 -4.94401734323205 -7.07323632730116 11.8848127791133 -4.86591725563658 6.23197793605334 -10.8725357607085 3.43843339537228 -0.188476447406932 -12.8177123520395 -14.4813693552428 -11.8441297618252 -7.26254719534769 9.10187744390385 26.3595333007849 2.62356203762126 11.8949610107865 -12.8706507762461 -0.0312777287962518 5.56846189781468 12.2154193922339 -8.42833501226957 1.13452892345688 -4.5281760523136 -4.22614836564029 -3.34564754522875 -9.71617763532057 -2.27844135842549 9.88241345661108 8.18639284418909 5.69036184312809 3.12802329703031 8.25034970832629 8.02219083804362 -11.021965838461 -7.40270191531125 34.8884796238076 -5.8108430807704 -4.39287948007748 3.64849155073313 3.10836706330733 5.28246347044977 12.5267647627682 -3.97976211078506 9.11624218653892 11.1869055224213 4.30030286418234 -10.5170562909833 -9.88137471957256 -11.4236878857328 13.6582910649345 -10.4674019835622 -12.7910750271192 -6.2007850504305 12.1434211559244 -10.1267183792885 11.0088884653092 
-1.64454092437453 5.09759304101404 -1.26408044600206 -6.1926358062035 1.22720851869981 3.24619037855921 -0.285278575052723 -1.70376711255772 0.786874775538701 -2.95055391132957 -3.07894758206939 3.24840294643897 5.29183204807692 -13.4218192474876 -0.123642662997131 -3.35170027053122 -2.6320417277737 0.953202813788501 0.432564041236127 -2.7391375229495 4.46732320393712 0.782637700204311 2.41701793112845 -9.94330384044227 0.198551103254949 3.43125074102673 0.956718889908838 -1.08471003502539 -1.83763187223181 4.11837273078739 2.59702534088071 2.01007592924459 -4.74651668458412 -0.78158956714534 4.00174143876345 -2.24015180008237 0.9185906698828 -10.3997223302006 -4.49742558232106 -3.89433763241248 3.65040064025812 1.91346635150327 -1.2946757770495 4.50272764999006 7.51818609678152 -6.12690640743765 1.66736721544015 -4.85670789467396 3.47653644681815 2.61434681278987 -3.79138903097799 -4.90116649278676 -0.310243215602711 8.87279186446902 3.06191483523942 -2.93730923443054 -4.62537014155586 0.827850557043612 6.37237279313665 6.3845187905675 -1.66868931399829 -1.09212348658565 3.1882078471221 3.35286082032075 0.759413046192517 -2.04879993725851 -1.84552585843075 0.175016205321218 -6.34933106863923 0.979824412596381 1.86616957923253 4.01381446868427 -0.15993092998743 1.91827259997761 -0.35664791046075 0.742523269424216 3.8376210901355 2.66408896351823 3.33879994608942 -2.19144485443497 0.436708139740277 -1.98656157304629 0.135665029163012 0.636231384011028 2.30913757677939 1.95817007579986 -0.766677808257372 4.80509168581652 -5.3497080874865 -0.976734231189573 -0.00894490391429217 0.362837711858162 -4.95928298638494 0.153938984116205 -9.35648492568074 1.59149701641554 3.42787680951111 1.45838863914135 0.807728793668743 1.11702349244825 
