-1.656579369714001 -3.034622910117741 4.041567250251183 2.764494352993554 -2.967188642807375 
1.447767178059471 -0.8387384186407237 1.532131998063623 -1.457227624933026 1.307007712397688 -2.629976627814181 -1.318194659823011 -1.780017599259821 0.4079655513644582 3.612302115542783 
-31.134625972727 0.2615659058612458 -3.031185188292556 16.81832981174736 26.82994574195155 -23.30308327681047 -11.2561168133551 -18.27846898692962 1.433758895805837 7.604074286004231 -1.789420138093219 -2.02092732132174 19.19270675303893 7.643822186727084 3.231823569251282 
-0.1890669226768845 -0.3535452331399912 3.376834582928669 2.08960005136178 1.561774917852583 0.5539821594042545 -0.4070931373622612 -0.9772839420844857 -0.9178049528412001 -0.7325388460233289 -3.512370251523041 -3.241946817570729 1.304730924434886 0.5113223539355213 -0.5906330847113206 -1.133028973606339 -1.387437989562884 0.9172112985606447 1.631343368619375 2.962108901264016 
-0.8980302615929507 4.32925660834962 5.285827144286904 9.085759265417146 17.98672495532707 4.868279721779258 -3.486468403831334 4.463242513219164 1.996313639058248 -3.14469043881855 -29.04205404567988 -37.66349944146324 -18.95620644751591 6.886833477048133 -0.5819389821733444 8.471178133738464 1.15794124907893 -4.431686349170838 8.005998710427448 3.508359310649754 -1.032972611895431 -13.61762986186101 -12.02650024287433 16.65909088672613 9.0402114553871 
1.159981087929878 0.8458493647183274 2.216473535967434 1.16372040410985 0.2884499088517072 0.3347975310336795 -2.545774245141109 -0.578491121216433 -1.08566638393038 -1.351923691724866 0.5189726496442384 -0.1102110076847244 0.3168437094151396 -1.123755644901189 -0.1212596266211522 0.4286410027849547 0.5925438381383774 0.5358657238129206 0.3176238709326391 -3.445926804473598 -0.1289372978926546 -0.4616451265191245 -0.09203778327478636 -0.2889300831807669 1.014947812163886 1.793246476890808 -0.5752378873010663 0.3407769893280703 0.7465021922493366 0.04544714573535488 
-1.476920635616166 -1.700438124371988 1.747695410887702 -0.1289844626719797 2.089566594040843 0.1674178942893991 0.8116188703502411 2.944922037043393 -0.4125728450327801 -0.7880489561891604 -1.838545975946849 -1.662562614553987 2.685830524224393 -1.689261743888323 -1.461155154977068 2.294031037495682 0.2472876520990716 -4.619218816684715 0.9715021564341541 -1.939133537432085 -0.9877214471671224 0.9867319967848082 1.206111951360735 -1.785128368772266 3.001994371764097 1.134357766120718 -0.9246370778589096 -4.128861657670164 -0.1498853997488791 -1.580365276958148 1.92350726271424 -1.225330798153961 -2.061588145719572 2.825664502570468 5.398690052146751 
0.5971787024612625 3.086815536191724 2.855021848965963 0.01592673504186191 1.581386368708913 -4.389979609930858 1.794208113223794 -0.07061592775422784 4.917110162359816 0.1156581503514443 -0.3528380487654305 0.529708176860524 -1.159859319305076 -2.910670055307895 -0.3987113441781814 -5.055246429931326 0.09810936682727044 -1.27995243171691 0.5633401243870121 -0.2037025769847461 -0.5926469940253304 -0.5877004894230363 -1.201399923655117 -2.864665426701542 -0.5810251908061287 6.618508144486241 1.148125516500543 -0.5156136176705628 0.04000937976535581 -1.700801752709671 0.5774785343258935 1.773765918668192 0.2041278799429976 2.438330386793209 0.5582648343257437 -1.805968619127227 -2.902964538380315 -0.5628411948120243 -0.09994066789817603 2.138932973701705 
-0.8498769583424421 -0.7719658200666413 2.614426452740873 0.09664975511184798 -2.750774504131806 0.9792072295368318 -0.08690085992892942 -0.5771206631899942 -0.6121007381166776 -0.1507700528224495 -2.203265863306975 0.2693613915282327 -2.154251999986571 -1.397440998373618 1.136687570656534 0.04142974487532192 -0.3756525078482134 0.163728219198074 -0.8664918013719357 2.492354913940491 0.5042404866609678 0.848131989143732 0.5017730799109548 0.7842867254558493 0.4212917614439479 1.504967931201407 0.7910305783148266 0.7070870330508091 -1.509535912278036 0.2759754417817966 -0.7843804121871376 -0.2420762263365545 1.099872273249734 0.2965240918396542 1.02110348148049 -1.047490748998388 1.149397909587073 -0.5693603809039774 -1.147265487131264 0.5218322886174085 0.3079119061750216 0.007627799398641612 -0.8206337177802934 0.7719511858744234 -0.5876630271325384 
-1.093892379915143 7.273649473820611 0.2745167782193165 -2.856324860504486 -2.431646809668047 -0.5708057076825616 -1.876452512854637 -1.282948179033419 0.9381981121177532 -4.244325899498661 -0.8384775274962226 0.1435653396810234 3.197436750537495 -4.717214560974162 -2.568921157097604 3.576342080129117 3.598036789463161 -3.308476288989794 -0.2692983348475631 4.853393183012104 -1.190760855709364 1.861259277603169 -0.05016660507240241 4.178119153935117 3.750133991054908 -5.346625813710363 -0.8444152182213966 -0.6748453901897508 5.880439585522777 -4.724207079175597 3.150888476254826 4.198303984621752 0.7022130917129658 2.405379822804621 -1.889924119208444 -5.546999185864679 0.5082017622671336 -2.863520754733484 0.3050431266792674 0.732292010038591 1.425626809969231 4.088177227413075 -4.555534437899813 -1.601746894527031 6.449072404989931 -1.105382210756969 -0.6628883511641162 0.2963874101823434 -0.09421348063380429 -0.8901760076643072 
-0.885572708196025 1.046241786206899 -0.4154900619881114 0.1812566073132134 0.2128374317043873 3.219949476417334 -2.572810736703548 0.5729481321992215 -1.199170706339685 -0.004319673426894343 -2.994855912225518 -0.5777136471031765 0.8538853901307543 -0.3027191246096635 -0.5075087116675511 -0.363430736213477 0.3313899266796788 2.005703586807502 0.1620970407068572 1.502056398091945 -0.04275238501398902 1.337254992610832 -0.4164874725751798 2.461668221122955 -0.1906850329597951 0.234902744003838 3.168842523282169 1.389638393200227 5.45404962655121 0.4564980860888398 -1.849518009700622 0.7850146261988058 -1.390194911881086 -4.967177962161553 -2.526155065247328 -5.489980829815564 0.7201526649197493 -0.7748233118627232 -0.8482163008192187 -0.02886662047949442 -1.93205834232018 -0.1812901078412516 1.633957419235707 0.152351856786537 1.958909322488538 3.276123826182178 -3.100041446996388 4.792860350886511 -0.8600008606814172 -3.529595007991684 -1.237921227495337 3.183682348997203 -2.73697600312496 2.349946543324686 -1.036495246278415 
2.299459300135326 -0.9069661216704037 3.922324806423194 -0.8355186173133354 1.28188979227353 2.522291883403203 1.081710978422864 -1.897604177053994 0.92114282459942 -0.9351121275792375 1.521439254181165 1.291107662938305 -0.9455034539567947 0.06440172041513396 0.02268852195064888 0.6337606375349688 -1.918472835237726 -1.428734112033155 -0.1079214174184513 1.342498287619327 -1.205580555426736 -0.03411000786099076 -2.785406677655939 1.316904273576631 0.3520460441529351 2.048081766352696 0.3630443446518719 2.891618174264638 3.460984693495266 -1.843781792764437 0.9366052955021162 -2.238817658471274 1.631672184056837 -0.3546266329586171 -1.932819955692203 2.091028619231905 0.289770734759701 -0.3519980999872154 2.427338082701457 -3.914259015144789 -3.286944412672456 -1.602404840300351 -0.1007203418866969 1.154862193664394 -1.061313330030307 -5.810280253947904 -2.306406839488799 1.011099909011528 -0.2335616813735068 -7.540288826203688 0.4296304383645194 2.370545689235239 -1.629371849318652 3.256951909303985 -1.53575044858611 2.21789122743462 0.5288225862337884 -4.573041487261492 1.66073042078267 2.883264307888685 
0.7459969549013683 -0.4662688630304112 0.249881005643229 -0.3251731280821233 0.1552689474887649 0.484970849332757 0.06475509225595376 0.3682201832315674 -0.1033738560149738 0.4060006015314527 -0.001275352296988993 0.09458010080308571 -0.01733206414232626 0.1439166667246594 -0.2216223371659135 0.09030330659423243 0.1272053491998335 -0.1179298968566023 0.2200593010400323 -0.2118976078724193 -0.4202180359843867 0.02760691908133179 -0.02762254377681922 -0.22709491161745 -0.4381849244398582 -0.004804550878855284 0.0456361108984747 -0.3138020469561352 0.5371281574124738 -0.5457019423171564 -0.2706090311449724 -0.1229708435481523 0.03610965737417948 0.0815981070573322 -0.1967467764541224 -0.4317933049554091 0.05142130412326782 0.2172642981414339 -0.1220159501184773 -0.2910594572780263 0.2492163777990498 0.6079385463402502 0.5875826014253528 -0.1243913269804831 -0.01460481018482341 0.3244381190163469 -0.01858036128314868 0.1252173800542226 0.3007968219127888 0.08958151491222428 -0.3013593555094201 0.06881401213197015 -0.09531729664897606 -0.5860725221351789 -0.04039743852277803 0.1028346071220699 0.2913742112230367 -0.3464313516979563 0.08229967175731791 -0.02259454351493734 0.0991361811072458 0.2025002349339384 -0.1685311824367703 0.0445255186728543 -0.1649279442163743 
-3.405701002466349 -0.9544450019293269 -3.116910485055692 1.085592960471955 2.540871044291857 0.4718931111536555 7.052223589433495 12.08476353832272 6.310090853587282 -1.503260704334009 -0.7324631925402391 -4.669538540340043 -1.685918990026121 -2.15255360846462 1.617666271514321 1.723440103295746 -3.149125018726421 3.118397325897046 5.634135991438862 -2.214441728897231 -2.341131472690856 -2.451241307739187 0.9060211351674722 4.020175227304414 7.799452413786251 -0.286242411782104 -3.556438671010558 -0.4438900295723871 -2.046771072197257 -2.310825787293213 3.663810575887931 1.061347022813313 0.3022476004172216 1.815678297119301 -0.482706195879486 -4.575487475641306 -3.419929147880306 3.431189853036619 -7.679970131221519 0.6736842369832187 0.1984557898210671 1.986339682714767 -4.013815845534205 2.441156981225602 1.711889852601372 -0.0624082967644051 0.2448208324090804 -2.892310109055952 -0.8467831714890383 -2.865223779865715 -0.7516936724911943 2.056068976541545 -2.920917041901782 3.780231301364877 0.02871743478173975 1.823700297308165 -4.687041903212632 -1.37480566817896 -3.093922601044573 0.742738087151576 5.228242510422709 -1.848494156110138 2.099272547180654 0.7800004321042424 0.1040464981893195 5.233099895773203 -5.613643789890918 -4.526099550463165 -1.56307245754702 2.633340574792133 
0.2684592697247454 -2.681231774872854 0.06045975352857327 6.626706497016179 6.774459474309143 -0.2435902153795722 -3.06804578365682 -0.2979800661844499 -0.02723299493245377 4.734064455125208 3.10829071426754 1.831816813900082 -1.762749910024646 0.07756470399877799 2.79949318127084 -0.01940433197011445 0.949821608785449 -3.015543677950094 3.803345178039314 -2.979996616238874 -0.3884100183158111 -0.2710163726343662 2.856440441632534 -6.273315228762025 4.024017786941426 -1.362421614111407 -0.8733222412150652 3.981608855795812 -1.149378739509877 -0.6833687992143638 0.2900631189589062 -2.913961392031764 0.8190737765609057 1.653620725011502 0.8026601177234153 -1.194472020532751 0.4429773269112618 -0.2343794053878584 0.2123287845823491 7.328887098978571 -0.05611351896929777 -2.60639015519344 1.339071787800715 0.7529251373410195 2.879888273242117 1.423378252919195 4.907114661057364 2.209817600039346 -5.619607102104954 1.659009514140043 0.8966803887738447 -2.52502499803066 -4.405801153683241 3.234077051076242 -5.3300170337446 -3.29740868699642 3.264070867843525 0.2713322069419233 -4.128806191478496 -1.144910979003589 -2.834606706742779 -2.090003938546618 -6.225070835039085 3.945835419974786 -5.28594862887577 -0.9612834178386377 -1.650413177359091 1.187699176472737 -0.8621197582202419 -2.546027806074128 0.1193300878879066 -0.5057859842728604 3.346868140539426 -3.17691034285235 3.020497551849972 
-0.4349375134700709 1.459827534093078 0.3956005735234061 -0.8553420993779548 1.002821068357105 -0.05053575144606549 0.1196981583280285 -0.6630011121577577 -0.9002850422723315 1.489446072360071 0.2410379673757874 0.4670822645473574 0.006317582851122171 0.1590366861619997 0.6743205274303735 -0.2206552467076606 0.1250256516903972 -0.8391163754948829 0.2364751826595731 0.1896272021894803 -0.2353211355082597 -0.9366987793644698 0.07950440072421068 0.4094817855075166 -0.985336691240451 -0.2582356501822004 2.012307434839104 1.3777998427524 -0.6037277013062814 0.1769746290592391 0.5993477686445061 -0.4424086657955613 0.6791987559111191 -0.7939212502432141 1.373048190814352 0.9961232259265733 -1.142203358229982 -1.50177001029629 -1.606339684305314 0.1961233059503971 -1.677302379809717 -0.001802884967735994 -1.005006764027082 0.5683382093304477 0.3123226014456685 -0.9645350027173287 -0.4315341078922232 0.405088393441772 -0.0001650087593773064 -0.4829174020695085 -0.2230824754760198 0.2533537484083211 0.8580598482128869 -1.056756727851207 0.3510111588802861 -1.640022923193538 1.176356212178967 -0.3318123194396019 0.3308164701916328 -0.2303291541919716 -0.3125939344053614 0.7230209113753854 0.3475131542249851 0.4495059729853343 1.141224174586303 -2.051629577257744 2.525748287970413 1.072344401738215 0.1285301367060848 -0.321995051924024 -0.05581348255828959 0.08165249153801846 0.1232594404514031 -0.7220893018333248 -0.329431579203538 0.1597429016442813 -0.1948970234856537 0.4943866766692648 -0.6336635280615948 -0.09441329463643813 
-0.9170589170794483 0.3784313750742638 -0.1027004443604252 0.4415345878819862 -0.1208339985742695 1.005723794017519 1.06941961615858 -0.09883109089612974 3.253457220441799 0.18049585822324 0.166057446670887 1.478256099169921 -1.329984686732056 1.08140521940615 0.2852837511801674 -0.7278804385319719 -1.568507534541377 -0.1176670938048488 0.7927643910522837 0.7539727809274133 -0.7422684417516793 -0.9792653888953416 0.1834657754063896 0.5837195228745075 -1.009980549408685 -2.379027996859459 -0.5295782786124885 -0.1287690880551276 -0.2566569733813292 2.042594456000933 -1.374954460536719 -0.246603883802725 0.4215992862042873 -1.658195267749721 -0.01949075589410403 0.1569912256944453 5.09896766888037 -0.6969408838381801 -1.811295493312673 -0.3481394441162896 1.652227327221324 -3.525010915740324 0.3685844159442765 0.3858528674589745 0.3717605342698403 1.282002942584459 1.30020269960603 -0.2975280584984046 1.332136339838573 0.02210534457765376 0.1678843473891414 0.890525119213936 -1.59315747136851 -0.3246848862658966 -1.478213167503183 0.3862947391297918 0.2729866693534314 -0.3919203170321155 -1.532652028275527 2.13231834956162 -1.117545608608375 -1.087382360964334 0.4930525545381063 -0.8685784755505517 -2.394723131146737 1.534169481641257 -0.09627731718064494 -1.694603336491932 -0.9189338495489664 -0.07788099167050457 -2.216528712808618 -0.1154407021304969 -0.3994202863947774 -0.1573543316850706 0.380222088753542 1.097655844903588 0.4880817940847297 0.6605251630974369 1.17669367061375 0.5624343724966466 1.114325734957891 0.4812637977340764 -0.1012520823245338 -0.6985892909360613 2.22539136840171 
-2.534370236995956 0.1832379611587465 -1.163264335505943 1.218225406111226 -0.5195848147065003 -0.2153090453641014 1.569876521105767 0.2673634662722832 1.660013458009341 0.7653672714065163 -0.5247590744662451 0.6095995091734138 -2.566112461904084 -0.3353333522945695 1.377056345975493 -1.456838560639076 -1.256444440044942 -1.382137294406075 0.3875603573497486 -1.500879710805324 -0.2999727473280706 -2.162698549889199 0.4526678008338501 0.3820506605177328 0.2574922782382478 0.5659115246273108 -0.9201938134916164 0.6013137472106612 2.613538777733265 0.9084753089992516 -0.453993760519656 3.172340317456034 0.5320584875038326 0.03851746367654195 0.3730423829302151 2.48054312354271 1.462352685704247 -0.5461621498460015 -4.044034086840901 0.9293434242156121 1.263458932381167 -0.5071896316178968 0.1073481340302337 -0.2085630933676755 -0.08289345209102486 -0.9616540408936064 -1.501527132983373 -1.523634883394673 2.220917613674477 0.4392778270992183 1.189876600982477 -4.426360235677135 -0.6629968760844824 2.071521627230991 -1.345488265323994 -0.1356790673394892 -0.7157470590018197 1.089165313197921 3.36322988233399 -3.649686182586172 1.923994354605165 0.2857115414142321 3.185055749881314 -0.8073114908229867 -0.5183778019985996 -8.181389400117887 1.329591904076631 -0.293517313745192 0.2748272122509016 1.549422798362813 -1.042440424475325 0.9871966837800001 -1.521967798084775 -0.7202462394192177 0.7537089618314825 -1.990331751962193 1.176408267163139 0.2767870042700021 -0.3192557464271863 0.5290557391745078 1.392527481508216 0.6800018130392284 0.8474880398670271 2.038909658234553 -3.77651091242786 0.6625356181291748 -1.720478519220572 0.7232617717266502 3.101571643504613 -0.4217011139783409 
-0.2178696194599552 -0.2470941773593334 -1.526083984398874 -0.1612351380400036 -0.2508388506755993 0.2750593158573396 -0.1813449430544662 1.671286858718102 0.1065500964820628 -0.03180051923096334 -0.02521066436202537 -0.4306951787456756 -0.5608266746692829 -0.8012934071067758 1.100851358860317 0.4941661859784954 -0.648587886889563 -0.8733066065877173 0.3265388787170133 1.726095558144686 -0.1858527190791054 -0.08278278924318005 0.7146259821620958 0.241569221772557 0.1356695725258006 0.1544268080543832 -0.2983723119513563 0.2341537936890813 0.3337076332063297 0.3049939245259269 -0.4372624988669578 -0.6778054130587223 -0.01908834629911014 0.7011339775355341 0.2774200104967452 0.3879708427383473 1.296465340943604 -0.7449525633841058 -0.02167950448228287 0.4261782899122472 -0.5317496671006343 -0.03276600462938282 0.8113334212255494 1.274952826973044 -1.266195603148016 0.419416809708104 -0.237541882805042 0.1939960049893461 0.9971030060836786 0.5491750009487829 -0.7012623263704176 -0.3566418429379794 -0.5241632782120299 1.430784380556327 -1.055165184631996 -0.2554082260409795 0.01927644674797513 1.14799754880204 0.1107855607029583 -0.5834416112641214 0.3148267392032104 0.2156082734885434 0.3307249290339541 1.478713370512407 0.1390060534909917 -0.5429476358791303 0.2713567246778114 0.153544150972078 0.2142590073577561 0.03727006077871628 -0.1533536500281799 -0.4488454631945524 0.1085249455336373 -1.199176198233958 -0.5419436394089445 0.1249817176747424 -1.27144374484903 -0.4137312427705316 -0.5860454777087224 0.05030063853989671 -0.6837025212969378 -0.2512918832154337 -0.04034579444802191 -0.04765970648503002 0.1414313038791581 -0.6105517534912047 1.033110564706879 0.5444893722019927 0.09494888600971393 -0.7632177337979174 0.6440905756417931 -1.260299250170963 -0.4677714503767446 -0.3838346517039707 0.4048440130482215 
1.988117372868172 -0.469124769643085 -0.4058251970449306 -1.253342902704948 1.399159856166153 -3.0238307968345 2.975296274286498 1.569987107031153 -0.1988002407720044 0.4028666701585321 0.5528084679793012 -1.648036340652239 1.469362748152892 -2.073607154039481 -1.723226517555556 2.029758488235907 -2.28961048706677 -2.26299831115217 1.108275003508418 -1.840214774987335 -4.560787292840432 -0.3441323548038863 0.9771376557165532 -0.8326425554610501 4.461303806909743 2.241380844442395 0.233938992499291 3.497733106308004 1.99432696177775 -1.923205466372773 -0.887614560128699 0.4826372493943735 0.2687096337125649 -1.19207639031798 0.2812572845619914 -0.5719875255380161 0.2547469573660627 0.1861774726382078 0.3261775510450177 2.581302917880547 -0.9117797797498955 1.602002960422562 0.1606873326366206 -1.045520755431221 -1.664234668862417 1.077083658641699 0.5648651686739352 -2.872926805908043 0.7594319406425635 -1.455874323522732 -0.275434175630467 2.53532410986872 -0.8013357435903298 -0.2092357056747711 0.556028895200655 -2.812105592329925 -3.18424655088801 3.160400207174516 -1.030232044474499 -2.512538371856923 -1.274612454399811 -0.6747287122764495 -0.3898944253133513 0.8799609662656726 0.8163209378698718 -1.75478871089111 -1.75497208734874 -0.05668133777180387 -2.931756097870281 0.5416863336358676 -0.1105028969152192 0.6559477797361035 -1.087059339108049 0.7749945364519948 0.5100852564444619 0.6492508147260611 5.528721011393325 1.291925133621649 0.1120591301091739 0.3427193240331475 -1.517024913398796 -2.633859517210908 2.929288427732424 0.3460638728925957 0.489354520483825 2.648347877615504 -0.8979804854325946 -1.66547739635885 0.2139584417866453 1.179290140468879 0.9624543535394604 1.09857293455974 1.593436712846745 -0.6731424286867163 0.1626246382639759 0.5263896400693597 0.4483957813855291 0.4023145090290874 -2.519585006758457 -1.009621548839747 
