0.120732 0.7950344 -0.6552893 0.1335737 2.949548 
0.3477071 -0.05930922 -0.1129062 -0.2040578 -1.399136 0.5345469 -0.5763863 0.5340036 0.3571697 2.347502 
0.4679232 1.086581 0.3643546 1.118713 -0.874464 0.8406997 -2.000608 -2.828742 2.035909 -2.319904 -0.4386517 1.006765 -0.3884375 -0.05882189 0.4677571 
0.1004069 -0.2055086 0.09756346 -0.9998065 -0.1496254 -0.2189884 0.1410873 -0.422288 -0.06820582 -0.1755522 0.8034215 -0.7021858 -1.196252 2.116537 0.471538 0.6758949 0.9427344 0.688027 -2.207167 2.686216 
0.1809614 1.623907 0.4496129 -0.03575067 -2.787126 -0.4397822 1.991229 0.7626474 0.1062553 0.7700787 -0.06590861 0.7373874 -0.5672268 0.4552848 2.052008 -0.5480902 1.824225 -1.58078 0.3114718 0.7412317 0.5297914 -1.163933 -1.567261 -1.36578 -0.6636637 
-1.912146 -0.2496173 9.87063 3.847343 0.121476 -6.914171 0.1654893 0.6198724 0.9555141 -0.5945436 -4.293525 3.380457 -2.905888 -1.978048 2.161471 0.5817356 4.022918 1.515294 3.264379 3.601482 3.341802 -5.690432 -1.52008 -1.0819 -4.456368 6.376231 -5.121095 0.3619688 -2.914906 -6.148066 
2.242172 -49.07248 14.3395 0.2308229 -19.97238 -64.19651 -13.90259 12.42216 -38.53457 35.98573 93.12505 52.5936 19.12804 21.38861 -18.31715 54.28904 -23.17476 -14.68118 8.180114 -58.10878 -40.92069 -25.8747 -119.8522 -51.60194 62.46801 23.30171 38.96322 9.741454 -19.59366 51.03157 -6.442679 -50.08072 54.2729 2.90186 33.37807 
-0.01203715 0.4873516 -5.813254 -4.113664 -0.1048064 -1.659609 1.127508 0.5737854 0.6249082 1.345542 0.262651 -2.112698 -4.056097 5.178666 -0.8993553 -3.601776 -1.912846 -3.748516 0.4455851 0.5401546 0.9241573 1.164837 0.7319404 4.474181 2.306703 -0.2212921 -4.256184 -1.814955 1.92352 3.942464 -3.684906 5.411364 0.1263349 0.5028352 3.717468 -1.685292 0.2350758 0.09088483 1.803284 1.087363 
3.330532 2.824053 3.681031 -3.795156 -1.670435 0.08618306 1.493889 -5.879168 -1.985056 -6.434281 -1.720559 -0.8994408 2.337175 -6.570055 -2.54403 -5.497394 3.04022 2.814963 -3.127377 -0.7578937 -1.296622 1.961416 3.752697 2.164782 10.35402 8.012988 -7.50961 0.2354579 -3.673011 0.03943957 -5.895208 3.625834 -0.7831386 4.033627 -7.101887 -3.126244 1.026475 -2.915295 -0.878913 1.92453 4.471166 1.703453 1.27569 7.926033 2.045655 
-0.5890437 1.577915 2.374522 -2.685771 -2.910793 -2.181944 3.972961 -2.976923 -3.823895 2.737202 -0.9389706 -0.2708707 3.634121 3.155238 -2.409877 1.270954 2.50744 3.258166 -1.883289 -3.134738 0.4676639 1.432584 -0.9004477 2.302265 1.899851 0.6281247 -0.4879557 -0.3078833 4.2803 2.968732 -2.241387 1.014287 -0.826762 4.918079 -5.443569 -0.6533204 0.4464907 -1.438801 1.479325 1.270245 -1.109879 -3.772691 3.952896 0.2845081 2.83133 -1.002201 -0.9241248 -2.635752 -0.776469 -6.120133 
-0.243765 -0.2278699 0.159638 -0.4737924 0.5705878 0.1652317 0.1632369 0.02699164 -0.1706636 0.04632265 -0.3381179 -0.5789899 1.352655 0.09333415 -1.26412 0.2900334 -0.367824 0.2023443 -0.303518 0.6185595 0.2739047 0.8915837 -0.1762429 -0.1649982 -0.1213536 0.2654862 -0.07464103 0.4044491 -0.2699072 -0.1015184 -0.3408278 -0.4320036 -0.1835745 0.2135877 -0.4069323 -0.2922363 -0.7717621 -0.2581142 0.5179237 0.440021 0.5979701 0.1228225 -0.1642666 -0.1293907 0.6871037 0.2052633 0.79537 -0.205233 0.5043045 0.1196843 -0.4124434 0.7338454 0.0929587 -0.03889132 0.06435218 
-0.3593989 -0.3866472 -0.2101476 0.9418547 -0.08781102 -0.1573126 -0.2931858 -1.449911 -0.8499474 -0.1091551 0.4070154 0.1540153 0.8772741 -1.141705 -1.478838 0.7074971 0.388283 0.5681758 -0.02617989 0.5626835 -0.5327519 0.1350405 1.002214 -0.8490441 0.05082507 1.642393 -0.1467705 1.06019 0.4941429 1.001901 -1.290847 0.3119163 -1.333611 -0.8099138 0.05416448 -0.4325086 1.626668 0.2847334 0.2086774 -0.4692958 0.1870253 -3.00792 -0.337131 -0.9972607 1.644279 1.530185 0.2121985 0.26024 -0.6152369 -0.3628457 1.594782 0.816029 -0.2736639 0.6258236 -0.03688315 0.2050719 -1.641501 -1.52943 0.2169521 0.4904062 
-0.07025162 -0.4256189 0.2790879 0.03837138 0.138576 0.2826535 0.06243827 0.1217219 0.4420399 0.04166511 -0.1788885 -0.3991266 -0.2436345 -0.1063004 -0.1014345 0.01943938 -0.1058547 0.1155326 -0.8962254 -0.2763006 0.1499854 -0.3618171 0.2555215 -0.9391226 -0.4016689 0.3228068 0.756408 -0.08563467 -0.2317934 0.6269324 -0.1294897 0.2995459 -0.2852104 0.07552591 0.9342059 -0.180531 0.4308195 0.6584067 0.01731251 0.07971431 0.05552631 -0.9042776 -0.1356575 -0.6129674 0.1498724 0.1328094 0.2718363 0.1595612 0.1347299 -0.6426654 0.8314482 -0.5148537 0.2511229 -0.2471194 0.3145684 0.420909 0.3577112 0.4168351 0.2086221 1.170488 -0.09118078 0.209676 -0.05969286 -1.631202 0.2683623 
-0.8026029 1.031688 1.0747 -0.6093941 -1.960211 -2.616202 -2.426831 -1.35615 1.20804 -3.240236 0.1962218 1.647364 -0.2211872 1.343061 0.2125543 -1.204113 2.154439 1.275501 0.59356 0.4612295 -0.08088977 -0.208403 0.3742877 -0.02852845 0.1737435 -0.1759214 -2.071122 0.4612546 0.419769 0.9687639 -0.8585523 2.188611 -1.71158 0.2928305 -1.156401 -0.6674964 -1.7406 1.535893 0.2486419 0.2427332 1.154124 0.0145519 0.4409961 0.6417863 3.198514 -1.205378 2.449985 0.02525687 1.005011 -0.7190194 -0.3986713 -1.246664 1.825098 -0.1501996 -1.011735 3.308104 -0.02916167 0.6773689 0.3026359 -1.549838 -1.280932 -1.762766 0.2959248 1.394253 1.163306 1.624223 4.160441 -2.898949 -3.498634 0.6549875 
1.018611 0.9005823 -18.11538 7.356762 -5.338014 -2.021086 -7.119309 -3.86208 -3.708863 -4.477352 3.02416 -2.665222 5.040423 -1.250803 2.754292 -2.869804 11.65454 -2.813534 -5.787017 4.085655 7.633223 5.109486 -6.111608 10.75711 -0.4354607 -7.808671 -5.657405 -6.336709 6.440819 0.7549248 18.71572 9.110601 2.393195 -3.980492 -1.302847 6.217967 5.102306 -8.364067 -1.53862 -3.459687 -7.118378 4.091378 -8.196332 -9.161119 8.462996 -3.700305 0.9667742 11.0567 0.9769287 5.570882 7.427194 -0.4979378 -1.947417 -1.313585 2.588025 0.1164232 -7.591931 -4.656516 4.888938 8.417974 0.8771974 -6.505884 1.734728 -2.475806 -15.2902 0.1813013 -11.76315 -2.945292 2.279849 5.178628 2.623091 -0.2488643 -1.507308 1.285601 7.337842 
-0.8131118 -1.534568 1.99627 -0.361327 -1.970938 1.503524 -0.1591093 -1.435527 -0.6766297 -0.7356003 0.03129086 -2.154464 0.6792196 2.083675 0.6050932 0.1681894 0.7903991 0.3481232 -0.2250058 -1.712026 -1.689203 0.8312259 -0.1253826 -2.011808 0.8721609 1.257582 -0.5489185 0.1074286 0.9590333 -0.9490388 0.5226321 0.7193893 -0.3540319 -2.018364 -0.5383124 0.9252785 -0.3215745 -1.713982 -0.4185896 -0.983377 -2.241514 -0.09380257 1.21315 -1.460107 1.260243 1.391487 0.1452571 1.020864 0.03906313 0.1234835 -0.6682776 -0.1350451 0.680124 0.9348221 -1.513814 0.7117553 0.5038027 1.038159 0.4403771 0.3573155 -0.6842092 1.382145 0.8152253 -3.060595 0.6670075 -1.045292 -0.2764705 0.5446514 0.5947555 -0.4045771 -0.2410457 2.918588 0.969096 -0.5932648 -0.07958638 1.670928 -1.382178 1.207273 0.6615447 0.2124203 
-0.4682789 -0.289478 -0.4549994 -1.775465 -1.072046 4.582496 -3.448422 0.2907239 2.077063 -0.02021798 3.495927 1.921432 3.26311 1.786469 -2.628323 1.391602 1.528394 -0.4967531 1.861694 3.452512 -0.2091485 -0.4142089 -2.020759 -0.5775844 -1.06188 -2.406852 -1.139282 -0.02931833 0.5223137 1.047512 -4.597927 -2.77064 1.018987 0.9919913 2.699237 1.82606 4.78104 -2.387544 -2.395726 5.230737 -0.0267817 -0.7920555 1.833141 -1.723253 3.072848 -1.48596 -0.0921527 -2.819468 -2.588678 -2.054682 0.09519996 -2.666257 0.2519386 -0.1257166 1.994629 -0.3934303 -1.609986 -0.2500955 -0.2512178 1.088977 -1.136836 0.0356736 -3.694592 1.047359 -1.522299 -0.1789171 0.01130253 3.109949 -1.927608 1.61539 -0.6751212 -0.6784529 -1.350635 -0.6740837 -2.238297 2.022932 -1.666794 -1.517055 1.660974 2.437035 0.8890465 3.380163 1.628794 -2.714762 -0.5511644 
1.354567 -1.121931 -0.07215158 -0.6200261 0.3951433 0.103465 0.3551404 0.8394546 -1.21532 1.500133 -0.8834966 0.4643973 -1.57018 1.30872 -1.850247 0.3021218 -0.02104977 2.506545 -0.3641226 -0.5059378 1.0592 2.614428 -1.397792 -0.6763474 -0.1819424 -1.45169 -1.835924 0.7103949 -0.7594641 -0.2141017 -0.5136374 -1.244883 0.3992129 0.0864282 0.6672214 -1.104733 -0.5125547 1.304703 0.1307408 0.2908615 0.2257128 0.4691376 0.2744007 -0.06386229 0.4587154 0.3024765 0.9036161 1.242712 -1.282407 0.06514247 -0.5943911 0.7202482 1.302618 2.546587 -0.5634184 1.266661 0.2358115 1.535017 0.8034298 -0.4398865 1.054898 -0.06822365 -0.2448508 -0.371806 -0.1971806 0.2939759 0.1279697 -1.369733 0.3279883 -0.7317237 -0.5534738 2.417283 -0.3228548 -0.2895222 -2.099267 0.6681994 -1.599128 -0.7334371 1.150396 -0.7192782 -1.438753 -2.196892 0.5022619 -0.4160335 -0.1616986 0.7678609 0.3335376 -0.302696 0.01382249 -0.409733 
-7.521457 3.276935 -4.97144 -7.258398 -10.41272 9.491962 -8.718946 3.601319 14.62174 0.7914255 -7.832492 3.362016 -5.629444 -22.69359 -7.278649 6.544282 8.183111 -5.260806 10.20678 -5.122111 -2.151782 7.371832 7.640459 -9.07662 0.4911933 3.903459 3.166461 -11.34971 -10.64569 14.11617 -2.147603 -7.585498 19.41897 -10.51667 0.8496068 -23.7523 18.40475 4.399975 -4.742907 -4.944062 -7.073285 11.88496 -4.865965 6.232055 -10.87267 3.438455 -0.1884767 -12.81787 -14.48154 -11.84429 -7.262633 9.101957 26.35985 2.623586 11.89508 -12.87081 -0.03126882 5.568526 12.21556 -8.428425 1.13456 -4.528268 -4.226205 -3.345676 -9.71629 -2.278499 9.882564 8.186484 5.690436 3.128028 8.250409 8.022294 -11.02212 -7.402801 34.88885 -5.810912 -4.392956 3.648515 3.108412 5.282514 12.52689 -3.979777 9.116294 11.18702 4.300348 -10.51714 -9.881477 -11.4238 13.65843 -10.4675 -12.79121 -6.200844 12.14357 -10.12682 11.00901 
-1.644524 5.097487 -1.264062 -6.192552 1.227181 3.246135 -0.2852537 -1.703752 0.7868845 -2.950504 -3.078894 3.248315 5.291737 -13.42162 -0.1236762 -3.351665 -2.631994 0.953159 0.4325584 -2.739102 4.467245 0.7826525 2.417046 -9.943152 0.1985929 3.431197 0.9567201 -1.084618 -1.837575 4.1183 2.59699 2.010048 -4.746449 -0.7815549 4.001674 -2.240142 0.918602 -10.39953 -4.497378 -3.894275 3.650357 1.913388 -1.294625 4.502694 7.518082 -6.126809 1.667305 -4.856631 3.476483 2.61428 -3.791327 -4.90108 -0.3102587 8.872669 3.061872 -2.937274 -4.625303 0.8278279 6.372269 6.38443 -1.668643 -1.092087 3.188164 3.352776 0.7593688 -2.048749 -1.845501 0.1750396 -6.34923 0.9798114 1.866139 4.013722 -0.159958 1.918269 -0.3566356 0.7425202 3.837518 2.664048 3.33878 -2.191411 0.4367054 -1.986534 0.1356624 0.6362088 2.309088 1.958098 -0.7666558 4.804977 -5.349617 -0.9767295 -0.008918491 0.3628315 -4.959201 0.1539063 -9.356322 1.591474 3.42782 1.458395 0.8076804 1.117017 
