0.12073211 0.79503417 -0.65528923 0.13357367 2.9495478 
0.34770665 -0.05930898 -0.11290611 -0.20405783 -1.3991355 0.53454661 -0.57638609 0.53400362 0.35716957 2.3475018 
0.46792316 1.0865812 0.36435452 1.1187122 -0.87446368 0.84069949 -2.0006073 -2.8287404 2.0359082 -2.3199043 -0.43865088 1.0067648 -0.38843742 -0.058821924 0.46775633 
0.10040749 -0.20550959 0.097563118 -0.9998064 -0.14962548 -0.21898873 0.14108755 -0.42228782 -0.068205945 -0.17555201 0.80342108 -0.70218545 -1.1962521 2.1165373 0.47153687 0.67589468 0.94273371 0.68802702 -2.2071657 2.6862154 
0.1809579 1.6238985 0.44961333 -0.035749398 -2.787118 -0.43978137 1.9912241 0.76264542 0.10625724 0.77007693 -0.065908916 0.73738599 -0.56723189 0.45528775 2.051996 -0.54808694 1.8242236 -1.5807738 0.3114697 0.74122822 0.52978855 -1.1639272 -1.5672549 -1.3657739 -0.66366345 
-1.9121478 -0.24961367 9.8706369 3.8473489 0.12148199 -6.9141774 0.16548897 0.61987168 0.95551461 -0.59454268 -4.2935262 3.3804519 -2.905889 -1.9780493 2.161474 0.58174419 4.0229173 1.5152926 3.2643757 3.601486 3.3418009 -5.6904411 -1.5200752 -1.0819055 -4.4563742 6.3762383 -5.1210942 0.3619681 -2.9149106 -6.1480703 
2.2420986 -49.070427 14.338889 0.23082733 -19.971565 -64.19384 -13.902023 12.421632 -38.532974 35.984219 93.121178 52.591442 19.12722 21.387712 -18.316338 54.2868 -23.173803 -14.680557 8.1797934 -58.106316 -40.919006 -25.873619 -119.84724 -51.599777 62.465424 23.30073 38.961559 9.741025 -19.592882 51.029476 -6.4424629 -50.078625 54.270653 2.9017782 33.376678 
-0.012037833 0.48734316 -5.8132348 -4.1136456 -0.10480873 -1.6595967 1.1274991 0.57378155 0.62490684 1.3455405 0.26264414 -2.1126914 -4.0560727 5.1786447 -0.89934975 -3.6017537 -1.9128399 -3.7484965 0.44558418 0.54015172 0.92415214 1.1648279 0.7319383 4.4741545 2.3066938 -0.22128905 -4.2561593 -1.8149477 1.9235119 3.942445 -3.6848879 5.4113417 0.12633692 0.50283229 3.7174575 -1.6852874 0.23507178 0.090886638 1.8032795 1.0873557 
3.3305314 2.8240571 3.681026 -3.7951484 -1.6704345 0.08618544 1.4938939 -5.879168 -1.9850516 -6.4342794 -1.7205552 -0.89943677 2.3371737 -6.5700545 -2.5440309 -5.4973855 3.0402114 2.8149569 -3.1273749 -0.75788951 -1.2966241 1.9614105 3.7526922 2.1647892 10.354014 8.0129795 -7.5095992 0.2354593 -3.6730063 0.039440654 -5.8952084 3.6258297 -0.78314114 4.0336223 -7.1018815 -3.1262436 1.0264716 -2.9152913 -0.87891108 1.9245332 4.4711637 1.7034481 1.2756915 7.9260216 2.0456491 
-0.58904386 1.5779237 2.3745177 -2.6857705 -2.9107931 -2.1819398 3.9729621 -2.9769204 -3.8238957 2.7371991 -0.93897045 -0.27086905 3.6341212 3.1552429 -2.4098768 1.2709564 2.5074341 3.2581689 -1.8832906 -3.1347365 0.46766677 1.4325866 -0.90045053 2.3022673 1.8998508 0.62813079 -0.48796034 -0.30788141 4.280304 2.9687343 -2.2413864 1.0142872 -0.82676375 4.9180875 -5.4435716 -0.65331966 0.44647989 -1.4387946 1.4793252 1.2702425 -1.1098845 -3.7726901 3.9528916 0.28450745 2.8313291 -1.0022017 -0.92412806 -2.6357548 -0.77647185 -6.1201401 
-0.24376447 -0.22787093 0.15964051 -0.47379494 0.57058388 0.16523495 0.16323259 0.02700053 -0.17066334 0.046326209 -0.33812469 -0.5789876 1.3526533 0.093334928 -1.2641208 0.29003188 -0.36782092 0.20234379 -0.30351916 0.61855912 0.27389857 0.89158183 -0.17624137 -0.16499712 -0.12134992 0.26548815 -0.074637778 0.40444544 -0.2699067 -0.10151666 -0.34082714 -0.43200126 -0.18357407 0.21358679 -0.40693063 -0.29223496 -0.77176428 -0.25811329 0.51791996 0.44001916 0.59796637 0.122823 -0.16426776 -0.12939271 0.68710577 0.20526358 0.7953673 -0.20523354 0.50429517 0.11968421 -0.41243953 0.73384595 0.092962593 -0.038890481 0.064356059 
-0.35939831 -0.38664711 -0.21014504 0.94185382 -0.087811738 -0.15731174 -0.29318628 -1.4499116 -0.849949 -0.1091573 0.40701574 0.15401621 0.87727743 -1.1417094 -1.4788413 0.70749795 0.38828281 0.56817526 -0.026183227 0.56268501 -0.53275263 0.13503766 1.0022172 -0.84904635 0.050824586 1.6423917 -0.14677025 1.06019 0.49414471 1.0019031 -1.2908536 0.31191689 -1.3336133 -0.80991733 0.054166783 -0.43251067 1.626669 0.28474051 0.20867737 -0.4692961 0.18703 -3.0079293 -0.33713195 -0.99725956 1.6442835 1.5301847 0.21219982 0.26024321 -0.61523956 -0.36284623 1.5947868 0.81603754 -0.27366334 0.62582195 -0.036876656 0.20506991 -1.6415079 -1.529428 0.21695162 0.49040636 
-0.07025288 -0.4256182 0.27908805 0.038372282 0.13857439 0.28265363 0.062438115 0.12172327 0.44203949 0.04166501 -0.17888786 -0.39912769 -0.24363451 -0.10629994 -0.10143498 0.019440083 -0.10585575 0.11553294 -0.89622462 -0.27630135 0.14998661 -0.36181709 0.25552008 -0.93912297 -0.40166774 0.32280788 0.75640684 -0.085635215 -0.23179315 0.62693465 -0.1294886 0.29954594 -0.28521118 0.075527221 0.93420511 -0.18053193 0.43081859 0.65840793 0.017313583 0.079712264 0.055528034 -0.90428072 -0.13565817 -0.61296654 0.14987253 0.1328086 0.27183574 0.15956208 0.13473047 -0.64266562 0.83144861 -0.51485425 0.2511225 -0.24712038 0.31456891 0.42090935 0.35771102 0.41683584 0.20862216 1.1704892 -0.091182642 0.20967828 -0.059692726 -1.6312042 0.26836148 
-0.80260479 1.0316751 1.0746939 -0.60939449 -1.9602038 -2.6161926 -2.4268224 -1.3561541 1.2080387 -3.2402215 0.19622208 1.6473576 -0.22119232 1.3430561 0.21255267 -1.2041031 2.1544199 1.2755001 0.59355843 0.46123347 -0.080887325 -0.20839794 0.37428778 -0.028520888 0.17373824 -0.17591502 -2.0711112 0.46125591 0.41976446 0.96876127 -0.85854489 2.1886082 -1.7115759 0.29282907 -1.1563971 -0.66749954 -1.7406069 1.5358865 0.24863492 0.24273486 1.1541234 0.014556793 0.44100046 0.64178276 3.1985106 -1.2053754 2.449991 0.025249302 1.0050151 -0.71901882 -0.39867485 -1.2466602 1.8250996 -0.15019912 -1.0117342 3.3080959 -0.029162228 0.67736566 0.30263564 -1.5498327 -1.2809321 -1.7627585 0.29592755 1.3942466 1.1633011 1.624216 4.160429 -2.8989348 -3.4986291 0.65498447 
1.0186039 0.90056252 -18.115294 7.3567338 -5.3379822 -2.0210867 -7.1192718 -3.8620806 -3.7088289 -4.4773316 3.0241654 -2.6651986 5.0403957 -1.2507918 2.7542727 -2.8697884 11.654492 -2.8135262 -5.7869997 4.0856237 7.6331921 5.1094546 -6.1115646 10.757077 -0.43547389 -7.8086362 -5.6573782 -6.3366876 6.4407649 0.75492901 18.715641 9.1105566 2.3931592 -3.9804654 -1.3028405 6.2179127 5.1023064 -8.3640289 -1.5386139 -3.4596939 -7.118341 4.0913448 -8.1963034 -9.1610479 8.4629669 -3.700274 0.9667598 11.056631 0.97692943 5.570838 7.4271569 -0.4979164 -1.9474287 -1.3135507 2.5880241 0.1164308 -7.5918703 -4.6565127 4.8889089 8.4179592 0.87717503 -6.5058408 1.7347108 -2.4757986 -15.290133 0.18130083 -11.763096 -2.9452779 2.2798588 5.1786194 2.6230559 -0.24884906 -1.5072981 1.2855759 7.3378205 
-0.81312245 -1.5345633 1.9962724 -0.36132976 -1.9709443 1.5035287 -0.15911247 -1.4355229 -0.67663711 -0.73559564 0.031295091 -2.1544652 0.67922395 2.0836704 0.60509098 0.16819237 0.79041034 0.34812868 -0.22500934 -1.7120289 -1.6892036 0.83121443 -0.12537619 -2.0118105 0.87216282 1.2575855 -0.54892147 0.10742072 0.95903128 -0.94904703 0.52263254 0.71938646 -0.35402879 -2.018352 -0.53830391 0.92527866 -0.32157603 -1.7139837 -0.41859302 -0.98336446 -2.2415175 -0.093793988 1.2131497 -1.4601099 1.2602515 1.3914942 0.14525907 1.0208625 0.03906304 0.12347218 -0.66827911 -0.1350468 0.68012261 0.93481421 -1.5138189 0.71175861 0.50380301 1.0381538 0.4403725 0.35731098 -0.68420023 1.3821363 0.81523222 -3.0605884 0.66700613 -1.0452907 -0.27647114 0.54465449 0.5947578 -0.4045774 -0.24103831 2.918587 0.96909064 -0.59326309 -0.079589598 1.6709323 -1.3821728 1.2072635 0.6615479 0.2124171 
-0.46827778 -0.28947824 -0.45499533 -1.7754656 -1.0720472 4.5825114 -3.448421 0.29072052 2.0770588 -0.020214431 3.4959297 1.9214334 3.2631218 1.7864709 -2.6283123 1.3915966 1.5283962 -0.49675632 1.8616995 3.4525218 -0.20914856 -0.41422394 -2.0207653 -0.57758307 -1.0618839 -2.4068589 -1.139279 -0.029329192 0.52231574 1.0475128 -4.5979276 -2.7706413 1.0189816 0.99199021 2.6992342 1.8260671 4.7810493 -2.3875449 -2.3957334 5.2307506 -0.026782826 -0.79205292 1.8331453 -1.7232552 3.0728559 -1.4859663 -0.092148408 -2.8194749 -2.588685 -2.054687 0.095197603 -2.6662631 0.25193915 -0.12571871 1.9946344 -0.39343211 -1.6099868 -0.25009286 -0.25122118 1.0889814 -1.136838 0.035672642 -3.6945946 1.0473597 -1.522302 -0.178918 0.011301435 3.1099544 -1.9276136 1.6153878 -0.67512488 -0.67845672 -1.3506376 -0.67408264 -2.2382963 2.022933 -1.6668006 -1.5170553 1.6609786 2.4370384 0.88905531 3.380162 1.6287916 -2.7147634 -0.55116487 
1.3545718 -1.121936 -0.07214994 -0.6200242 0.39514461 0.10346145 0.35513669 0.83945513 -1.2153239 1.5001409 -0.88350028 0.46440241 -1.5701889 1.3087213 -1.8502489 0.30212194 -0.021052411 2.5065539 -0.36412331 -0.50593483 1.0592012 2.6144407 -1.3977942 -0.67634284 -0.18194528 -1.451694 -1.8359299 0.71039307 -0.75946438 -0.21410863 -0.51363862 -1.2448916 0.39921343 0.086426079 0.66722691 -1.1047392 -0.51255149 1.3047097 0.13074529 0.29087129 0.22571561 0.469143 0.27440012 -0.063861094 0.45871705 0.30247781 0.90362251 1.2427185 -1.2824132 0.065149188 -0.59439415 0.72024745 1.3026261 2.5465922 -0.56342751 1.2666641 0.23581035 1.5350237 0.80343616 -0.4398858 1.0548934 -0.068227045 -0.24485202 -0.37180698 -0.19718096 0.29397252 0.12797005 -1.3697388 0.3279902 -0.7317279 -0.55347508 2.4172943 -0.32285744 -0.28952241 -2.0992785 0.66820186 -1.5991405 -0.73344016 1.1504002 -0.71928805 -1.438756 -2.196897 0.50226307 -0.41603434 -0.16169445 0.76786351 0.3335413 -0.30269682 0.013820103 -0.40973216 
-7.5213351 3.2769065 -4.9713674 -7.2582893 -10.412583 9.4917793 -8.7187672 3.60128 14.621489 0.79138821 -7.8323488 3.3619862 -5.6293497 -22.693243 -7.2785444 6.5442047 8.1829586 -5.2606988 10.206602 -5.1220722 -2.1517611 7.3716927 7.6403141 -9.0765047 0.49118334 3.9034097 3.1664209 -11.349538 -10.645561 14.11592 -2.147553 -7.5853763 19.418663 -10.516538 0.84960061 -23.751926 18.404448 4.3999352 -4.7428317 -4.9439874 -7.0732117 11.884771 -4.8658986 6.231967 -10.872483 3.4384243 -0.18852103 -12.817678 -14.481292 -11.844082 -7.2625003 9.1018429 26.359413 2.6235487 11.894915 -12.87058 -0.031295914 5.5684724 12.215345 -8.4283018 1.1345307 -4.5281649 -4.2261119 -3.3456488 -9.7161283 -2.2784302 9.8823843 8.1863489 5.6903391 3.1280007 8.2503109 8.0221806 -11.021925 -7.4026613 34.888329 -5.8108168 -4.3928537 3.6484747 3.1083515 5.2824464 12.526688 -3.9797485 9.1162024 11.186865 4.3002791 -10.517008 -9.8813133 -11.423635 13.658231 -10.467355 -12.791021 -6.2007618 12.143343 -10.126676 11.008855 
-1.6445622 5.0976501 -1.2640891 -6.1927032 1.2272232 3.246222 -0.28528553 -1.7037759 0.78687805 -2.9505885 -3.0789795 3.248451 5.2918849 -13.421962 -0.12363498 -3.3517406 -2.6320796 0.95321852 0.43256027 -2.7391644 4.467381 0.78264004 2.4170334 -9.9433975 0.19853713 3.4312878 0.95672923 -1.0847358 -1.8376609 4.1184235 2.5970445 2.0101049 -4.746563 -0.78160805 4.001792 -2.240175 0.91859579 -10.399837 -4.4974651 -3.8943782 3.6504383 1.913496 -1.2946945 4.5027661 7.5182633 -6.1269789 1.6674075 -4.8567519 3.4765661 2.6143861 -3.7914274 -4.9012194 -0.31024447 8.8728838 3.0619476 -2.9373322 -4.6254063 0.8278597 6.372448 6.3845787 -1.6687114 -1.0921445 3.1882319 3.3529117 0.75942534 -2.0488265 -1.8455544 0.17500827 -6.349391 0.97983909 1.8661933 4.013876 -0.15993252 1.9182889 -0.35665751 0.7425276 3.8376794 2.6641188 3.3388216 -2.1914666 0.43670756 -1.9865835 0.13566363 0.63623869 2.3091612 1.958203 -0.76670289 4.8051639 -5.3497729 -0.97674251 -0.0089542158 0.36284727 -4.9593353 0.15395057 -9.3565893 1.5915047 3.4279215 1.4583892 0.80775172 1.117021 
