0.416667 0.4794993 
0.0112294 -0.3795078 0.4384672 0.3257546 
-0.05334177 0.3185596 -0.6620908 -0.3043015 0.06501769 -0.7722445 
1.957026 -0.8010818 1.110256 0.02295896 -0.2479052 1.251909 0.9473596 0.4840476 
2.043633 0.2563309 0.6400972 -1.192486 0.4745895 -0.2237366 -1.06522 1.289977 -0.5191889 0.2581591 
-0.3781022 0.8017036 -1.583209 3.081787 0.5426635 -0.6408138 -2.908509 -0.1130222 -0.2667417 0.6448506 -0.4775835 0.03646624 
0.1376912 0.2226677 0.6008477 0.5729412 0.3719854 -0.3283166 -0.09989013 1.384906 -0.4523723 0.7552689 0.6692089 1.959591 0.6553296 -0.6342064 
1.457397 -0.5737238 2.028296 -1.044212 -2.586297 1.438697 0.7932484 0.03970051 0.05267589 -2.311046 -1.579907 -0.9150507 0.4718245 2.001894 1.622933 0.462565 
0.2259396 -0.8716432 0.571476 -0.3860456 -1.513713 1.672462 2.2305 -1.394691 -0.0542924 0.1931179 -2.135825 -1.778062 -0.8105035 0.3418098 2.895546 0.5784406 0.6452372 -1.506509 
-0.3340362 1.637507 1.747244 1.952149 0.03414918 -3.277101 -1.274743 -0.2759018 -0.6646979 -0.1547615 -0.3204766 1.318353 -1.260525 -1.343735 -0.1830516 2.317597 -0.2593927 -1.357973 1.091511 -0.4125379 
1.458885 -2.827743 0.3322658 -1.088721 -0.5481881 -0.1329049 -0.3837686 3.782072 -1.343817 0.1128963 -0.5598988 -1.01754 -0.8979802 -1.271096 2.83231 0.1566302 -1.869479 1.402925 -1.020307 -3.119628 -0.2422701 -1.241579 
0.7131711 -1.130827 2.379484 -1.177244 -0.7055359 1.140671 -0.1712874 1.72178 -0.4458799 0.3522879 -1.491937 -0.8611065 0.02273066 1.178911 -2.934597 -2.517999 -0.9969317 1.547137 0.3264324 0.3985406 1.546505 -3.323758 0.3043314 -1.767774 
0.7310095 -0.2847131 0.8209047 2.140736 -0.1728766 1.393682 -0.5814489 -2.309592 -0.8340878 -1.416747 0.7521428 3.336072 -2.202116 1.142834 -1.668035 0.3396583 1.028321 -0.1439411 -1.542782 -0.6903865 -0.712237 -1.560698 1.912102 1.258071 2.673751 2.258281 
-1.517905 1.03985 -0.2910182 0.00853502 -0.4671171 -0.4640195 0.490822 -0.3648657 0.8751993 -1.825192 1.115485 1.417882 0.04177728 0.2947305 -3.392053 2.253496 -2.013545 -0.2125394 1.565773 -2.103949 -2.010554 -0.3851728 -1.349735 1.306137 -2.377951 0.0235838 -1.761452 -3.377275 
-3.593216 -0.968899 0.2649492 -2.059782 -0.6399283 -2.098617 1.347953 -0.4101451 -0.09982318 -0.3910577 0.3788958 -0.4734071 1.630135 -1.375907 0.1088667 -0.02361085 1.79098 -2.600498 0.1533249 0.6838172 0.03423041 -2.551584 -0.3744012 0.06309646 -0.3966553 -7.921457E-05 -1.689143 -2.959734 1.140151 -0.4312368 
-2.23442 -2.953742 3.273319 -1.156404 -3.211528 4.36674 2.663608 1.133726 1.310408 1.23257 1.18592 0.4036732 1.043106 -1.978407 -2.552418 -0.8699787 0.6984262 0.3589303 -0.9050455 0.2422006 3.184407 -1.214303 -1.390528 1.803889 -0.8030563 1.938423 -2.632111 -1.69671 0.5408365 -1.754595 -0.334686 -2.460557 
-1.645996 2.141214 0.2900105 3.055741 -0.05549282 -2.522453 1.306454 -2.504392 -1.064693 -1.533941 0.8486686 0.881889 -2.099765 -0.825083 0.629161 -1.897913 1.384334 0.773398 -1.896625 0.06063336 5.802151 0.3512792 -1.632719 0.5419497 -1.845397 -1.14765 2.233292 -1.590113 -0.09423584 0.29699 0.3524432 -0.7339826 -1.660254 2.43744 
-0.6450725 -0.449194 -1.85216 2.308105 1.169244 -1.112197 -3.229967 -2.563362 -2.957647 0.6355276 -1.157181 1.620357 3.396596 1.793604 -3.761779 -0.08938724 0.4806501 0.6643807 0.6971481 1.696884 0.113431 -1.010507 -0.7661416 2.139969 -0.3971757 2.668117 1.719728 0.9787985 5.508003 0.9006209 2.363109 0.6245723 -0.5381601 -0.4039952 -1.157531 -0.03158362 
