-1.758882592777459 0.347626142836428 0.8146210994513263 0.3623614370420355 0.03846820631427761 
-1.858027709504535 2.429272469478927 0.2009705273467206 2.36384991454347 -0.8742718970484782 -2.363668902815828 0.627194418745332 2.055323481209894 -0.457931506020247 0.1782683924018369 
1.252075293803941 1.764239162591771 1.103604903209332 -1.993156958875526 0.6883051312312252 -0.885995187512239 2.593638044846494 -0.6579153868228903 1.275888840085953 -0.09851571473047586 -1.805165440325748 0.410098996793623 0.07316681182665098 -0.2849680412379864 -0.9409449769454676 
2.359458590968287 -2.171778268636051 3.24424241988639 -0.4837362651304669 1.430154013580904 -1.750164746350285 -0.4759607856069548 0.9979967472300215 -0.7986358242097678 1.970050159131343 3.083060574135488 0.1309735843481962 -0.6899645671508354 1.697176425212087 -0.523463896668021 -0.04766096310803436 -1.937623484204558 -1.200171753071097 3.594117820739171 -1.404721837905838 
2.247072025076638 1.249838489261823 -0.6623171567496542 -0.1352826233457038 -1.470402894405355 -2.045384851560227 -1.21982523821945 0.5904790182062036 0.3913675688892856 -0.9825784194066332 0.4524078700223584 0.21716178087267 0.608924657923595 -0.2989037722896014 -2.336902433914138 -0.05586224788093475 2.11807189028834 1.569488329270537 0.9574374860764016 0.2145335455014411 1.6705503282284 -1.309383904071667 1.93471454504664 1.675583688893404 0.8484719056695127 
2.596360687629938 3.215466891995414 -1.045298894553496 -1.10313838363995 -1.418793853982556 -0.5099916721733617 -0.3505950553779991 -1.559886529262825 0.7628901042071912 -0.5990408697569742 -0.5201709264904882 1.8770052171656 -1.84496366390373 0.45085395380283 -2.811791616271783 0.3170555888097855 0.1534815620762957 -0.3750019294688925 1.737814087091198 2.71335674248088 -2.334608147428316 -0.53925775574243 1.197270865688271 -2.478944148500237 -0.5085072247506802 4.187565937762828 -0.9301123757982137 0.3114895927444665 1.455607977946135 1.945547647276022 
1.13080203357271 -3.20080525220577 1.023743992729638 2.099408766025194 -3.433881542111619 -0.9078833508634937 4.230136272479423 2.233035244946161 4.405769226221592 -2.566256419396443 -1.625260873205332 3.584710919326263 1.844656417666312 -1.423416849806209 -1.1864326986176 -1.41211575642796 -1.950400313813766 -1.033268856140307 2.833461696200315 -0.8745201385368395 -0.7701611272147597 -1.152299470217694 2.1182864372634 -3.08975072001427 -2.60697903052975 1.047445594656323 0.8493756622392913 -0.6432981766257488 -0.5183850111083155 -0.5203927000384752 1.331950214092881 1.224989619753073 2.861999277139668 1.204659913096022 -0.3224935043713166 
0.9673576632369868 -0.2467363494137846 1.290655811437035 -1.682774717585292 1.40378277646774 1.760405130824305 -1.432368500409345 -0.6394967915697358 2.035285083956995 -1.719959284674117 -0.6937298584601603 0.6945928485526982 0.3449132311051711 -2.684035456053552 1.568800344439757 1.70705738105389 1.006890174511435 -1.138599962134397 2.928265595702282 0.8095881532501651 1.531379618647795 -0.09874694550509877 1.647177988485876 -3.567279385081028 0.5276263281623043 -1.018837838934525 -0.9645445509135204 -0.7361641624182311 -0.3586182892784365 2.500467257687573 2.666111807932456 -2.713084373608627 1.276698453755273 1.732666123914002 -0.382876761097962 -1.920765194433757 7.998705023092858 -0.5970963283515338 -0.4227532568710752 2.173867505422764 
3.98533338664425 2.703399779558696 1.174844455375693 -0.8020979375469842 1.942662769374057 -0.873821497794108 0.2210213799366114 -3.172989874045733 4.64907011558304 -4.627738568789424 0.1010908987299051 0.9736399599302316 3.054445106592086 2.175542469300074 -2.201933960190118 0.7585127634312508 -0.68364730647414 1.436579340349016 2.343177395994446 -0.01167991798690077 1.944130850597559 -3.343000736602836 2.207107333260668 2.519210917397841 3.849017726608284 -1.265821310318607 -1.778529738026096 -3.771139715464089 0.7336863084996375 -6.233314787302712 1.715907518751212 1.233048508720491 2.401034646486452 2.461606895930996 0.005576286876537551 2.559522274222449 -1.279127902022618 3.898277482590471 0.03827003857770744 0.321586147088697 -2.723687495905947 -0.2090833869574259 1.106654749828419 3.781999226956943 -2.576311055147087 
1.986004701646159 -4.76814954605 -0.9815071477283961 0.1475294012011095 -1.443482578388206 0.05027097510951972 -0.01398723633357646 -0.4860362879821402 -2.913957566217615 -0.5048420585918341 -0.1371348846095273 -0.8386179849781521 3.910469422688351 3.922717497955289 -0.7050145576978462 -0.5744252474592932 0.561734396278542 -4.254579428455647 2.559691406205581 1.356365771434113 2.29361777402537 0.1887475695199971 4.614256135444935 -0.4149095817463843 -1.043759292704283 -1.227481870934751 -1.588162252878064 2.335776289085955 0.5154905027431409 2.822967154115853 6.15746426528378 3.13554569518858 -0.5098352339603539 -0.6992172908085894 1.392178105555612 -3.306234143725232 -2.487709909741707 4.010484614511218 0.7349734459861956 -0.3256106105552646 -0.2438167599321924 -4.067447137225548 3.044150958241009 -2.451116094266286 -1.294442161235061 1.265264651848896 1.663755487851702 0.7640794347466486 -5.022934066116831 1.461018500707526 
1.597308816978075 5.569871196997253 2.870929896264105 -3.275844031422025 -0.6526126078956376 3.076751613912189 -3.833277323124345 0.3761590668786761 2.38668183627924 0.02219797833311399 2.3280817417772 4.993097226719143 1.414499303523318 2.143561258248108 0.4665372851500128 2.068098775905817 -1.439479549687624 -2.526547376329366 -2.599027291176401 0.5764235359769601 3.644745813139587 3.601280343632511 0.8461350206831285 1.277468206248149 -0.3547059508548019 1.5690119957562 2.299632921296634 0.05909675723499186 -0.3248500545027866 2.880115804624982 -1.038098902266062 -0.9180113811752443 2.039585477890721 -0.2128990863837543 2.070752499406271 1.365584584498541 -2.057268573060572 -1.135469196339867 -1.746483071491206 -0.8941774116052965 -4.600481163275461 -0.3838805431606213 0.2752777015084104 -2.716522842947872 -3.843688470426862 -1.886248415606019 -3.002687309042363 2.880262427961655 -3.576256140085068 0.3479759372799189 -2.106163271153323 -1.899933717359013 -3.431950958358176 2.182131000752686 -1.077765234135668 
0.7256445820608036 2.105586886067483 4.296312236061683 -2.718821119463131 2.221931746506139 -2.315351777317679 2.103293328851747 -0.3021518192435383 -1.550327279323945 -4.327715876381807 0.9069443089843627 -1.444298885881423 -1.236984573103486 -2.586238262359541 3.645597366824219 -3.063566311093231 -0.348541032184422 -3.518560626423595 -0.365930645973314 -1.491225443276972 0.2570855935144894 -2.961991999434011 -2.615087151281962 1.933397761753124 0.9964230065995241 2.805636586056713 -1.29862177109138 0.07073023291846192 -1.838887562506281 1.900090938862114 2.662054685646504 -0.7419756365691716 -4.077765237861185 2.822619794298168 1.568757270004312 0.7430031082673934 -0.1354771782615015 -2.171663556221088 0.6864729523704699 0.2335011889230606 -2.810374906211605 0.02065647740126231 -0.4340777781672697 3.050082913771042 1.871591745656963 -3.956019462771242 -0.231921938251912 -0.1078487428532562 -2.607350517731327 3.322619408241398 1.965324732993149 1.842564553458254 2.650988929494743 -2.368542582204682 2.393336306600695 -3.455227673375583 -1.181384854071227 3.175159605298873 -1.443158789920899 1.85135004317861 
2.455125717133165 3.079805979584225 3.183910849129314 0.05280627092250182 -2.195215544151781 4.721047208485015 1.74875814455096 -2.200690926313266 0.5918784698057162 0.03471517009536969 -0.963826970570271 4.942921226231905 -4.483031399979066 -0.932332325166957 5.256174445517628 0.109604611935321 2.995745384296179 -0.2770468604434277 -3.077578827858422 -1.050459761992564 0.05918456954952875 -1.01316409624093 0.5353159484739262 3.750266565679927 0.6144078636722135 1.63801381572654 0.5645815831181128 -0.4514707980107027 -3.399408783069438 -2.494916276389894 -1.903882523943863 1.48368444876778 0.04731269705817238 -4.468092142994136 -0.4229842175456666 3.476371857365288 -3.439772246847112 0.5016959362134139 -1.117405422184936 1.304782258258475 0.0657948040053999 -0.1564895906907751 0.987288783276837 0.8925977287740958 0.488263014067548 3.749416242347511 -2.504962900414764 -1.790148806201307 -0.6686082037525559 -3.81839922237493 2.270332840515955 0.1627325990059188 1.245987386240957 -3.342007958788033 -6.384553567243767 3.847011090136871 -1.789606873771616 2.823433388683132 4.385396705915333 -0.896084774207024 -0.7248878334873995 -0.6991520039053412 3.489175669967692 0.05625452626531908 -0.3355419027978543 
0.07909845720733774 -4.139963474596208 4.019106740281195 -2.953781591799686 2.155956803475615 3.542517154348744 -4.737272507654307 1.480949679424279 -2.194513627747627 0.05178302675546836 4.83427828031322 0.9454473051141394 2.05965115431547 -3.968997499208069 -0.7487125311752143 -2.956579390382719 1.994605957066077 -0.513856973142117 -3.586457878832789 -1.775329742799228 3.385021592853672 4.526736736010756 -1.937611204898277 -4.723251130676688 -1.658180958488131 -1.713475611642198 -0.8982108014122308 -3.179479004029678 -3.099317563489567 -7.365272465283994 -4.641181118604362 4.804516745735827 5.66490882430207 6.456734884642684 3.172925445874311 2.312452812301976 -0.4078598293419151 5.171743644606088 -2.038030999118022 0.2011718133415908 4.196134632158205 -0.2078507817359467 -3.92618363764574 -2.123081773672288 4.643793561506135 0.2342795725090278 0.3976138174734334 -0.8275685614959134 3.67999191793645 -2.517059169218554 1.426583775475365 -0.4503071558470445 3.865557124173391 -1.383028655110778 -2.330989777497079 -5.920273357177585 8.028344716477203 -2.458454341446297 -1.133348446330456 4.294425248316163 -2.057323041060469 -1.142300502083641 -0.6026239553102394 -1.453189440788703 3.68258939729645 0.8682658894034675 -4.569101352297815 2.769243939222355 2.400046397969769 3.261119914700845 
-0.7747670536477688 -5.000096595222473 1.924709287307359 0.6569369820553044 1.402393187244912 3.255663285863996 2.512765185038001 -1.176260932591015 4.375516931062636 -3.630561908590308 3.318793047314841 2.667306889739837 -4.695607861188411 1.541918047330558 -1.360416870489351 -3.966299051799214 -0.6085962647164317 3.395037189835902 -5.344437573772294 5.964646298526948 -5.913653882506482 -2.286662851879372 1.499346640596251 -0.9839781969889435 4.247814636241818 -1.322970248623978 0.1029126545235647 -0.1795533895784855 -1.186904691903837 1.934476329857742 -2.839450067244616 -3.665582853343611 3.372500426895429 -3.776952631390373 5.159885887169854 -1.044204209859383 -0.7640475005404531 1.74183291571227 -5.293548222335755 3.117903350662519 0.9146987458526248 -1.47704483860498 -1.154888976969854 -2.629263885141083 -2.113644686252357 1.331943727966595 -3.179371430637974 -0.2780608196890149 3.725872149720166 1.5002823416174 -3.754777552883074 2.021451446060573 4.786947834888807 -0.2056849753156837 0.9958897611456892 -0.938327515771376 1.478386917232183 0.7468889414954756 1.348620095120682 0.1620833604904173 0.4831581290513155 5.835767718066836 -0.6839471007448135 4.867214901306253 1.010146128876652 1.009923558999261 -0.09980409002028298 -3.529332443887099 -1.231023486819312 -1.052437570408152 3.112843415879888 2.224774667627964 -3.68942641984711 1.034859838466639 0.7085675289603052 
2.390075500680075 -0.6512173372583437 -4.910470558039864 -0.5820778072523873 -2.734226328807378 -0.8510272261400382 0.4234294308794226 -1.478583550986846 -2.097045756777442 5.584226886098254 3.315505029281688 1.095947035484919 -1.566201171831969 5.720272151786338 0.5939512537749637 -4.084689183259034 -3.409922705296883 -0.2953068194281414 2.120941664941619 -0.1124796954512983 0.6919369810168178 0.9707590441163233 -1.857167241587469 4.568415411844864 -1.075615585285594 -1.584789660936621 1.433976065014881 1.006055975219548 -4.162696408395771 -2.759596333043358 5.195946280229348 -0.583311069096357 1.996031686604564 5.492944147526014 3.081251067843971 -4.848692664013931 2.948774777310928 -4.615945672616042 -2.312814690462071 0.8831427476927362 -0.354924743988642 -0.02626731193464976 0.2950921960799673 -3.229208527301287 4.225346414444289 1.303491037604538 -6.309041746939426 -0.8316978284317871 2.835714400320524 -0.8059871069761508 -1.328503934205815 -0.06177628273953606 -2.47074930607879 -2.697798757107507 1.933567760850496 -0.4912606391738989 -1.849496506856361 4.707063784287408 2.193826755915254 -0.7035656833807564 6.143243079479051 0.295194400069311 -0.4933067419168832 0.4922708058424858 -0.59932204202751 -3.68563374132592 6.764869639400223 0.6056086333112636 1.96313599508017 -0.2436099843870155 1.887903567180294 2.873745073455748 -0.2442632706774812 6.138048556644619 -0.9860702567866788 -2.462884635799198 -1.034781858724646 -0.8063943544905832 -0.7441410844083565 2.392513026801135 
-0.09303229662735074 0.6579463849927678 -2.026933306897309 7.147763253808804 -2.298824068564301 -0.7346155289827773 2.694289922053033 -3.406128594314146 -4.22901842344774 -0.659231742613253 3.29375027019899 -1.828051893395217 -4.192517513069527 -2.68835346237212 1.32440870080535 2.0519378844176 4.923431994501279 2.160646171259539 -2.69763120660663 1.486967002397871 -1.495444082587913 -0.6249852435737262 -1.062823240757997 -7.018924148934057 -1.129473111611204 1.172933238725923 4.971083856169614 -11.92579489757178 0.8264680575431804 -2.220591594902958 -2.891935575751548 0.4283128813697779 3.304409088054286 7.450167469424299 -1.670333871925526 6.033682039335789 0.9700120545364866 -2.975738907278784 4.434326654856396 -5.484342535387779 -0.4542699619959659 1.421302257146149 -2.234311972404934 -4.895465235518488 -1.538968299783326 6.361485137537578 -5.75479080641223 1.871313932871997 3.206836191015112 -0.8595859016869843 0.02331753924017119 3.575654115055157 -3.174935693303738 -0.4427709449025563 -0.8755099638788814 3.485761562719953 1.147574805947865 -2.454425569418531 6.117428295932127 -6.364626238849539 -1.504021170574625 4.200360685249332 -0.6021609209626493 -3.008949822305333 -2.470926114491106 -0.6583912136668225 -2.735594785031154 -3.098731544215 -4.117262026077955 2.43751054746446 3.318497062385998 0.7709250967728135 -1.018304278674444 2.269592526132427 -0.9675513538326824 -5.062337252564586 -1.837505111375334 1.516599116216491 -2.269131526848872 -0.04513589011557241 -1.354636871374554 -3.344876743384989 3.567126865181243 -0.2572112077255708 4.857386087809933 
2.345862584285867 -1.997204252314451 -3.051749622832547 1.488338470702691 -7.649541130920888 1.316182613398479 -4.851209837977525 2.150778436348612 -4.759037622744783 -2.215658617380531 -3.226198629408309 4.671279803218232 -1.02429553792633 -4.347904359840063 2.827511516369158 2.960480379948113 2.453247006556554 6.955550270142921 -2.741305546331199 -1.279496406947291 -0.5141192402731732 6.345575259322877 3.109146363946573 -0.6313213795857602 1.296198113209893 -1.749746691109056 1.716771271643496 -2.002862559256908 -1.528612725096698 0.7841860499538321 -3.393380622564908 0.5192189635846558 -0.5998349116937611 3.648242903499568 -3.84103860376859 -2.072284748014958 7.169389767533553 3.419214489144782 -0.3385097591551636 -0.2947010278998538 2.220160506869496 2.139999697804634 -2.000628373753721 -0.3445773887254016 1.664290673368871 -6.893600735929079 -2.142414757191307 -5.259785056126912 -0.3871314811162793 4.935050601643677 4.346523152100643 -1.668983257205935 3.222796926271693 -2.008781408415736 -5.061354189968519 4.218530972886186 -0.8126368505470469 -4.12847554464342 0.732971503667062 2.469203402516417 2.127936324390601 -1.615794378411574 5.962062358629584 -0.9706069628962442 1.018931241388344 -1.533266516980892 -1.879938406649493 3.375500976533161 1.108819524280284 -4.592296155289317 2.06125905049208 -2.885889665018018 -0.09968835029381959 -1.109773167394592 4.612044994131373 -1.041144094782185 -4.826016298474856 1.038875112943841 4.308889811014537 -2.891619809255189 -4.068826003477106 4.030617893248454 6.323015306897591 -1.537562092888875 2.935357895381445 -0.5541291151675971 -5.232661236500492 2.82849246380256 -3.240357168770446 4.187312047458283 
2.311384459566844 0.8904758862566247 -1.580504450350211 -0.6161275607717179 -2.361504465523314 0.8310580145446436 2.219261957642057 5.414018264680148 -1.112928543958933 -2.651067473652665 6.514715093051665 1.486630690602873 2.771761445688403 5.561427191953198 1.82850593713726 -5.0310197182719 0.5646994342817242 0.2908102602236014 -1.809053042243351 2.287020106672021 -2.109668098482148 -4.191416661712274 -1.302659106221541 2.506379025568664 -1.133032676108582 -5.274230522753028 1.314349182763782 -1.405643442499455 2.635576761814845 -3.303656214950649 5.112828484005015 -3.421194787137561 0.5589865354659063 -2.517170609697612 5.146260819586748 -0.205685955126834 -4.958826178380846 2.285006907701209 5.954618896310563 -6.010355861551488 1.554629036797142 -3.718646774549383 -1.099919814844677 2.273730298425171 1.363911383722473 3.78042123923629 2.439608410687367 1.738472400036394 4.386319382526666 -1.661885968127214 1.12126506222957 4.665039552717551 0.3180933010247384 3.094610054297288 -2.709324680820999 1.495816783376873 3.117742732418671 -2.735008796492105 -0.8779261316070665 -0.9444696687345762 5.409004733083008 -3.210054734663141 4.894587138451746 -0.5429446146593628 1.169391841715525 -1.903759458918253 1.814262517443003 2.273709334937171 -2.090514956878218 2.75203145610306 1.315906931609626 5.272190507505933 0.5968509685510981 -0.1973639607868808 2.891411684141233 -0.9163942568913337 -1.73246053215207 -1.447357348691529 3.371134722897843 -3.490059429821311 0.5006415942189069 0.62194833940307 2.373888434636001 1.815002790845837 6.326613478003333 -1.843402374884709 -2.198319943526293 1.56099040480906 2.862958873631231 -2.163771031177165 6.977041320319219 1.501682217925928 1.609548457672981 -2.892022803159807 -0.2331414110235609 
