3.6249998 9.0173607 10.466667 23.902777 14.826388 
36.478352 14.674503 25.783531 15.464087 16.210318 15.976068 12.75754 14.134127 23.836905 54.243919 
21.333527 42.171623 26.522354 21.871174 12.101853 18.547224 11.359655 32.577511 36.726852 21.628307 21.80011 18.67662 16.860319 47.481495 36.228737 
62.812382 61.430374 36.878029 40.853264 76.994461 39.452976 59.881931 46.845367 30.456745 51.932247 51.340038 71.55764 81.458725 63.650829 48.484161 75.702721 83.036308 81.951408 52.025696 36.853512 
93.614792 76.212723 64.180283 43.552776 49.499672 54.946091 99.033028 73.347748 67.960915 81.547218 44.214516 45.121628 41.324932 63.282475 89.289635 51.88147 73.290276 95.253967 72.264183 56.774155 70.278038 77.202934 75.518417 39.527317 65.059845 
254.0052 94.154709 132.42725 115.03175 55.57935 53.803947 59.279354 64.921829 117.24737 137.47078 116.17123 81.084824 110.98996 74.387589 97.023125 44.823189 116.52208 127.98365 82.522011 81.01442 62.207912 82.771049 91.407875 68.31884 84.40506 60.696571 117.79248 103.73816 75.596565 66.691116 
97.821053 65.114281 73.892998 54.478462 76.972023 65.224014 60.602001 63.288933 58.065014 51.731625 42.548885 47.00946 60.925529 86.553429 89.882141 76.252449 57.658562 68.425194 108.07004 68.146919 80.157669 86.822495 73.501152 52.506477 66.339066 65.251907 142.12466 95.081085 66.071487 76.317505 105.57622 96.054756 84.670555 63.760433 63.59087 
176.59357 84.7733 86.778313 105.97919 79.013535 66.911903 62.396629 81.546066 101.9879 102.36948 91.902794 59.467213 83.972687 104.60823 103.584 98.290405 126.89857 109.73708 130.29156 64.366043 61.605621 54.183884 96.657753 163.38083 99.605789 71.978966 66.05658 62.804298 62.038536 82.56955 66.881126 61.176193 95.069244 82.618958 88.692131 66.075066 47.646492 92.146782 61.661068 86.395164 
211.89493 102.02699 118.11594 141.43709 107.87119 75.303764 72.954384 61.197815 105.49271 80.19751 90.752251 146.74579 96.352623 76.870964 81.037292 62.706226 125.96603 73.723442 120.73522 131.22458 109.95683 68.477623 152.62901 66.55529 65.723198 92.339897 87.268791 80.213463 81.92086 138.14243 111.10734 81.534637 125.45889 101.65855 52.135708 87.552124 101.32251 81.220375 70.509308 100.82325 78.519608 96.389389 73.844902 129.79451 63.52293 
303.00073 132.66254 127.5088 146.58821 108.84353 103.64397 147.59999 144.31303 148.43762 171.35873 135.04471 153.28464 111.96635 138.38435 98.588585 163.40741 91.793381 159.40854 173.85358 115.27372 106.59245 100.26235 101.59492 155.76961 119.55017 114.61443 97.119698 173.23442 95.857895 134.35609 114.47218 134.29335 106.4573 142.15312 81.918335 100.84013 129.65056 136.95264 79.664444 145.68784 106.77251 121.01927 128.03285 123.03117 148.92395 74.980637 66.877022 111.36323 88.015839 104.90604 
179.73288 104.34428 120.49917 155.22664 119.547 135.72795 157.16006 164.43956 122.74886 119.52561 176.61575 152.6254 140.53383 149.73563 136.97592 162.07956 150.82852 156.21718 113.09218 174.38892 129.64488 134.19215 132.73125 175.57996 178.87057 132.29768 126.90586 157.88548 116.39365 151.91501 110.60967 132.02519 130.37204 153.76364 167.75089 107.01948 131.56209 102.47417 158.88864 172.93037 111.81226 120.60867 113.84209 229.15559 153.08673 114.76427 148.20807 158.00377 172.87668 130.79457 135.0735 154.35098 123.08748 90.694176 152.05844 
95.785187 90.972496 115.2787 106.96037 132.27281 97.408974 125.40218 76.260963 113.99675 103.62167 132.08043 124.07477 130.06923 141.81897 94.562866 106.61297 111.85059 115.8538 116.84709 82.969475 102.67014 115.98382 100.1329 86.437202 113.2862 104.67715 95.07016 120.7434 97.829651 113.76729 98.448257 85.105682 179.71021 79.469513 133.65672 97.742477 84.810188 115.83736 103.06953 119.72486 107.53018 92.708038 117.91584 74.98082 125.41498 145.38034 144.61473 147.00293 67.422989 167.71106 190.6116 101.07932 83.886353 85.935005 108.72598 169.70532 96.998604 121.46268 97.57119 99.228073 
345.77347 147.1011 198.53304 206.88756 142.12444 198.24686 221.73608 172.54344 119.00265 161.5455 148.86899 155.58742 140.88318 135.62793 133.90649 147.75952 239.83636 155.00952 211.94608 175.58331 206.43625 167.39798 157.59862 188.01489 188.39441 189.84976 216.04614 129.78377 119.34382 159.99126 159.31557 189.86888 178.53873 134.19136 152.85512 160.25572 189.89717 175.47871 123.46275 221.46439 210.43439 144.47054 149.79964 135.48491 155.40826 198.58316 148.368 176.49379 118.39303 213.3459 133.86316 128.52322 131.40237 172.94931 178.20514 182.18388 137.05171 192.52322 180.67035 166.55063 146.29782 184.89795 161.26497 202.20235 121.94077 
231.09294 111.6237 83.473473 137.2478 134.85811 168.56169 115.0906 96.373268 125.39536 106.12511 113.29974 125.3316 95.29277 136.48517 99.316338 117.93294 152.46353 106.44519 111.2752 199.06606 109.75082 124.6204 142.89209 112.41817 104.06965 109.0605 95.888626 118.91402 160.20038 100.44084 118.59341 175.71339 129.17084 128.17966 130.7076 132.83308 122.80251 145.93657 132.18761 103.64588 107.2592 138.78282 121.98853 110.27946 132.3531 101.76994 144.30952 149.11067 111.56302 102.04224 101.8107 87.791611 173.43544 92.600601 107.20317 119.80435 98.479317 146.10449 195.09753 155.89893 120.60754 148.85609 106.89993 131.16539 141.31908 190.27898 102.41814 211.59569 100.9539 172.64948 
212.70483 230.6142 201.52313 173.33195 194.52289 215.71289 142.0777 184.32649 219.38222 141.65799 181.95172 170.83359 272.4473 185.16231 208.47932 143.31728 167.89383 190.99318 195.19817 202.34328 144.32741 273.43716 234.5652 232.88698 199.32919 152.09871 164.2121 161.18153 181.54091 191.22147 163.37155 212.37221 240.03906 194.48622 143.50482 228.94984 232.2971 257.34387 258.49008 236.43015 222.23888 186.46992 195.39301 231.83182 199.63254 168.53618 214.35558 202.83591 210.99043 268.37952 162.16368 154.69339 189.97891 203.64734 145.77892 205.81271 270.99371 210.95395 206.39235 181.32407 224.92598 176.45219 263.18268 220.11913 219.78583 200.17004 272.35947 145.70607 233.07324 248.93227 183.88831 190.30365 155.44081 198.91837 186.38335 
203.72231 133.33116 223.45618 161.40385 196.89537 153.35214 178.58662 133.88116 157.05959 231.49725 142.74234 159.97438 187.9115 213.61894 165.06003 206.82053 179.39429 170.92542 163.78235 157.42218 136.40575 150.03984 170.68831 153.82278 126.28397 139.70476 165.94556 150.99622 135.42352 149.24251 148.56415 139.02449 149.86823 137.27455 152.5592 142.72882 193.98866 149.41565 165.06287 243.36288 143.61421 122.27565 170.22801 144.72754 138.80148 146.26512 205.48788 140.18976 188.90947 181.89525 177.21118 205.149 132.5224 154.1104 135.49075 167.91803 131.02678 131.85619 233.06934 114.78357 154.28638 121.88269 197.32033 121.57489 170.12476 199.57437 178.78125 166.60336 136.06128 217.62106 156.33696 129.39256 208.30405 136.61389 158.2847 134.46985 130.50917 148.55223 166.29823 160.24449 
195.0045 255.24986 274.75018 337.29459 246.14995 248.10489 215.29814 228.40672 205.65939 259.15671 221.8506 259.60995 185.16409 211.45184 251.02374 229.84096 215.67313 242.23808 307.58936 321.26471 208.55208 256.87903 290.66779 256.29456 269.07565 232.45847 170.98645 278.0181 218.16866 253.91702 233.17181 281.77551 201.24812 239.31093 192.3965 276.77356 207.56764 213.55197 250.88972 202.30316 303.11047 259.44916 306.08536 200.76799 268.97501 213.42921 271.85345 258.1882 269.43686 206.61786 235.24249 236.10225 269.24374 211.89041 242.8904 166.22807 222.92416 241.7666 244.45488 197.79025 273.04117 256.98987 275.12247 283.28537 247.84869 247.22743 245.51286 286.96817 251.3972 226.03195 291.28201 234.82037 264.02045 207.60654 251.09648 224.30719 226.50781 212.42099 226.0887 166.172 188.28606 233.53755 227.46603 259.70963 203.41833 
193.10435 183.96677 201.33858 216.95735 251.68806 204.93506 217.18394 240.51811 193.63121 172.5182 183.6413 236.73398 206.51193 216.14102 261.24219 187.64415 243.85176 211.57098 165.25055 264.32346 272.54471 183.13498 249.84099 280.74753 182.12929 158.94939 243.66051 229.33113 212.48601 174.86079 237.69878 204.75391 354.45605 225.01413 225.33458 176.06821 170.23578 239.00298 202.55429 297.8367 179.98833 209.54498 198.8409 215.19719 244.16512 252.27744 241.46881 218.18279 283.80609 273.08951 247.52679 182.96608 157.44035 197.84167 251.53284 162.88197 224.16344 198.46397 218.77614 232.34496 187.04411 216.39203 205.05003 260.74524 227.32968 254.47774 143.73361 187.67755 162.89365 191.37489 233.78883 183.95813 183.80588 209.60989 221.54878 219.3436 225.17824 191.39894 219.28261 179.18813 224.18839 190.67451 143.58133 228.68365 229.64241 211.11656 315.901 249.12039 172.59778 180.3889 
647.88538 205.25523 284.5416 232.88087 223.77261 363.8649 273.22733 209.2337 290.6846 288.61948 239.87193 254.87489 332.18567 220.92932 236.54361 291.64139 238.51843 270.84061 335.22229 269.33386 284.86353 335.11237 239.17618 205.78162 214.4193 319.58234 178.40323 255.9144 185.7195 399.38922 226.27707 339.9523 293.64389 223.2822 255.94289 223.33328 207.22522 278.97482 263.28671 182.80827 200.37119 226.42262 211.06668 268.72443 269.82651 288.00076 336.37735 306.63004 236.62241 257.29553 223.50247 254.22441 217.51897 300.9476 265.75388 293.17255 301.25998 335.01926 220.50105 254.44473 341.90451 295.17819 281.23761 329.91425 226.3757 413.35632 228.5833 266.93286 332.38168 219.35078 228.39709 276.15784 234.5258 263.20908 300.965 266.6235 246.90947 223.62234 252.87257 206.08687 223.31908 375.60303 280.75836 226.2368 272.26413 259.42844 212.47075 304.04477 227.49734 240.87305 219.32359 290.05887 315.79108 258.07617 253.45699 
209.42435 186.26395 318.17474 267.07007 233.18138 236.00797 206.82071 246.94762 240.67419 197.68784 219.83553 225.1731 213.39561 317.90918 214.68692 331.50446 277.92947 301.94754 262.97824 217.73851 288.2471 276.65927 271.93076 243.55693 266.43787 305.4718 223.42294 260.0759 254.71466 178.36708 260.13315 269.89355 215.46085 338.76361 175.85826 230.06793 187.53751 173.74767 205.8434 257.34546 237.77567 315.49106 231.47812 289.87335 271.52332 240.62959 222.6376 226.76866 236.04152 276.64084 214.89014 209.23724 216.09839 247.17041 200.7294 267.18552 318.06558 272.63599 333.72394 211.02402 276.01691 218.06795 259.79071 199.69862 239.06062 170.8029 185.35307 254.0976 357.10388 309.8187 284.4426 240.78423 337.48477 262.77002 210.35718 217.21999 265.66998 196.91096 246.47543 292.20425 235.27539 375.1904 221.63141 232.77098 249.25227 277.4592 244.15576 315.17123 269.11432 222.78873 235.33968 266.88751 278.20703 267.92868 311.09412 205.78508 249.71362 290.16815 274.23926 266.50351 
