0.930723887506374 2.65476644492993 
32.1440063407037 5.25959074686858 37.073840535871 6.34021324654911 
8.31270174924368 9.6193190167154 16.5844894876345 11.3601354207906 9.96432758532252 18.2325934601498 
17.0548593188266 12.1865479271316 4.71192077297157 15.1071758394212 14.4693031929663 9.86676034061137 12.0349507092608 14.3231830725072 
11.3815163558002 19.2139399264745 9.003800315147 19.762650114497 11.9441077834563 10.1943820342152 19.5482753728787 15.122051342155 18.1768989412532 8.81228235366871 
55.4884064081302 18.007876437044 62.0271401899447 60.7413543214334 61.2600382430926 58.425910260957 36.341802640325 38.6252617883137 40.096386976201 35.4193096227023 54.3696364052359 59.8648164505996 
21.8402142786929 33.7795270779677 45.0555913719323 62.0167417172069 50.2013648730144 41.9309379300437 27.4169708375908 34.1698543386888 76.2746511434802 41.7713553044686 48.6123818008078 15.2692075821735 20.2975776392542 34.0293128432428 
93.3947793910176 597.3009797343 2874.56667320882 495.13103617243 92.2266437432267 395.762233548004 432.462850318272 433.465927474194 153.242850750937 93.2784462182502 390.027657671589 140.981623109228 397.462215484833 78.2607005366644 1812.26510574244 175.129234490089 
408.565643764089 58.5283961150418 137.79254640506 624.615978314346 81.2442163504003 41.9015872496078 127.123247512379 97.4204460406485 91.5751694499342 69.7575671480824 234.124995297088 286.318634190475 58.2341577614563 274.612487298757 177.694035501403 66.1713598023748 301.658097886117 102.934884283514 
25.3949775298017 26.568897131603 55.5432742613664 61.3375023138523 35.9599474946263 35.3326159187755 20.2912220485265 126.052431409639 53.3980470076091 36.7611233338147 44.3623405450222 137.052322510299 33.0079428798772 20.3856715497595 123.33033144807 44.2888122803211 41.9018049984047 30.71337922194 31.9641246488918 32.0809645719675 
129.201031356719 141.207651499317 108.188985265487 207.37063513263 167.892588069459 299.712619872352 702.947927424784 70.6335533666656 144.443274862157 654.708896743628 102.550819770898 209.872056940014 106.291413102809 145.401396104163 498.883205694515 257.323225903411 330.013788440914 116.293433714158 139.511101573496 179.487744088422 59.6299923187867 96.1934259722623 
55.8284560099983 68.5318910155672 114.341672704163 104.083904453057 137.824569005142 86.6247484068633 62.8319014776175 42.7280643745266 102.281181834043 46.9793338838349 90.5212345524843 78.8423590296328 56.6298269529143 48.4631166276984 116.067877617315 82.5437723805858 59.9516070096832 85.0860764320757 86.9415639202236 57.1115869038506 118.482997513206 53.082225774076 43.6126071562253 96.1176177787308 
47.9378800295566 33.8417490513135 50.0663889073567 47.5836668334929 39.8156280808587 32.3729973474253 49.30045001408 35.8075165886152 44.6780770385291 36.8309936850391 32.8664311622751 32.1739639126545 53.3955865831218 45.5575276165947 57.0571186566752 36.532522628413 75.0798870627914 51.8909808700789 45.6735638152253 30.7712407971349 45.1426255754304 42.389929493996 62.0698843471893 52.8881011928058 26.8319974108038 39.9654079132584 
145.07078135756 94.092275908787 110.704170624513 103.471879411632 98.6754441320505 85.2411811559169 122.170484550153 65.2880919727214 126.740466105447 88.0236584074309 86.4483520605222 108.180988545803 60.5538697710052 124.216722063195 80.9391609048721 107.319853978485 76.3075024598493 92.5557479887823 85.1291118347384 74.6150878915662 114.206764889604 72.9943452928196 93.1340551454563 60.9772841745966 128.232151444839 69.7534877762908 141.133941185825 79.8415463532508 
411.655960135519 1468.94381619872 493.312929810103 1619.168512219 560.632917872583 1053.30824439979 3197.7775013407 121.683715804193 511.597580397411 393.915631669391 588.535998817781 544.290371310238 410.086145530569 721.385796477737 1641.28896191219 563.90304464103 487.998527015549 745.0086651164 427.658211559948 3254.05356493132 290.337476830288 176.216414255001 3162.41210656124 1006.76312979597 118.156288552626 2683.80708279635 455.984784046944 3694.28004023092 183.123646545942 395.728189766534 
236.590505867366 224.412942370199 197.469937158833 171.67770173422 111.377902393922 250.204094187512 181.175465868118 77.445856216576 153.815018890657 254.294412568778 113.315275020845 130.977598738294 98.4063013232418 230.472392077179 130.364633409566 131.947715290362 140.26063730037 164.475953176554 247.497000669173 142.448178301238 95.4387217084407 126.760101823861 139.024116436053 147.264190287543 116.11540626716 98.1959909555895 108.865949874921 189.866611388587 162.468947040722 297.132391520616 123.874168498343 155.533942106595 
252.365209287489 222.172781763583 171.259466068576 280.90025454174 214.17684486269 238.026081161728 233.532937632233 286.801593828837 193.004954936405 319.26946942722 156.662958164309 301.236401192539 309.696979934243 425.339593059536 197.208714892031 250.186933521364 255.486666638847 176.870692481513 477.569871029223 233.896581736413 220.676990485044 434.777657342859 117.538098677665 174.26880507456 286.365528939552 150.72033624309 231.140107009541 339.268495151605 171.880750166982 154.484503013471 248.607474394968 235.562846457954 177.893910696288 452.402344945719 
189.422235032713 176.042173638646 243.640572403999 298.294700087622 270.781735231585 217.253116998959 150.894202306078 228.353706861058 139.137631324702 165.993231080075 123.303329707267 407.714774879848 209.88397597215 133.747502004891 209.565585703597 158.508204778524 184.836436823752 312.10533463958 267.704670174659 264.858655360695 252.830154672353 158.452479903263 139.10179159202 167.851892932086 593.502030374365 158.20392768861 240.333601279012 148.813643026837 130.199201060845 122.888875497293 206.984168262654 257.51835655769 186.482418337973 259.647169544257 383.183112589281 183.380619060739 
