1.129976391792297 0.6382626891136169 1.901756525039673 -0.6644188165664673 -1.459830284118652 
0.281937301158905 -1.020526051521301 0.01835189759731293 -1.262440085411072 -0.4045614004135132 -1.09355354309082 -0.3317995667457581 -1.132237553596497 0.9915832877159119 -0.2487738579511642 
-0.6572178602218628 -1.154452681541443 1.204003810882568 -0.1629951000213623 1.324497699737549 -1.294767498970032 -0.7433738708496094 -0.9354457259178162 0.6664170622825623 0.9957025051116943 -0.06633387506008148 1.46816611289978 0.3985045552253723 -0.02597640454769135 -1.914799690246582 
1.472070693969727 -0.9046889543533325 -1.647491574287415 1.838553190231323 0.02167505025863647 -2.286693096160889 -1.454520106315613 -0.2983357906341553 -0.3984818160533905 0.6289029717445374 2.296962738037109 4.233498096466064 1.10880708694458 -0.3327795267105103 0.5049969553947449 3.095941066741943 -0.7724083065986633 0.6841095685958862 1.863389015197754 0.9897540211677551 
-0.02348196506500244 2.523606538772583 -3.033384323120117 -1.162592053413391 0.4428263604640961 0.1571584343910217 1.764863252639771 -2.843942880630493 1.197555541992188 0.01536235213279724 -1.957195401191711 -2.427011013031006 -1.619354963302612 2.924032211303711 0.05764073133468628 -1.458532571792603 0.8538305759429932 -1.08525550365448 2.625208854675293 -0.6162864565849304 1.274480104446411 -2.362184047698975 -0.5769491791725159 2.636209011077881 -1.848028421401978 
-0.831927478313446 0.5098536610603333 -3.103219270706177 0.6636614203453064 2.078034639358521 5.01931095123291 2.51332426071167 -1.692618608474731 -2.854868173599243 -2.505321741104126 3.227715015411377 -0.2471491694450378 3.468059062957764 -2.923063278198242 -1.700689196586609 2.86860728263855 -0.5182613730430603 -0.2904639840126038 2.358543634414673 1.419746518135071 -0.1949647068977356 2.379379272460938 -1.095296144485474 -2.599698305130005 0.06441614031791687 -0.3861415982246399 -0.2801770567893982 -1.115847826004028 -0.6345775723457336 2.094683647155762 
-1.985134720802307 0.6285706758499146 -1.175444602966309 0.7978633642196655 -1.609403610229492 -4.222406387329102 -0.8011775612831116 1.801821351051331 2.268667936325073 -0.6993991136550903 1.694859027862549 -1.737892746925354 -2.886463403701782 -0.8419152498245239 1.937451362609863 -2.825137376785278 0.7210953235626221 -3.716758966445923 2.816983938217163 0.8197100758552551 -0.3930975496768951 1.04564380645752 0.2312971651554108 -3.059194326400757 -1.222453117370605 2.407636642456055 0.8764513731002808 0.6071144342422485 -1.958735942840576 -1.144211173057556 0.3826330006122589 -1.599939107894897 0.741492748260498 -2.299137115478516 -1.543001890182495 
-1.621511459350586 -0.4302542507648468 0.8478730916976929 -0.4042155742645264 0.3827247619628906 1.451479434967041 -0.4931823015213013 2.389382362365723 0.6433683633804321 0.01180851459503174 -2.445595026016235 1.795377373695374 -2.584534406661987 4.91730260848999 0.1860587596893311 2.078527927398682 -1.048792362213135 1.32861065864563 -0.8472915291786194 1.603351593017578 -0.2508077323436737 -0.6023795008659363 -0.9168128967285156 -0.01015573740005493 1.063817977905273 -0.6088902950286865 0.510506272315979 -0.612391471862793 2.979638576507568 -1.830204248428345 -1.667731642723083 -1.13327693939209 -1.215316653251648 -2.36434268951416 -1.14091968536377 0.5186600089073181 2.740926265716553 -0.8491132259368896 -0.937735915184021 -1.858428597450256 
-0.07076218724250793 -2.314289093017578 2.292285203933716 3.347839593887329 2.681684494018555 -2.441498279571533 0.1310129761695862 0.6746468544006348 -0.48204106092453 -0.5984550714492798 -3.381280899047852 0.6474002599716187 -0.6723687648773193 1.117473125457764 -1.611465930938721 -1.136242032051086 -0.5605242848396301 1.735656976699829 1.010530114173889 0.3488771021366119 -1.051958084106445 -0.4167202115058899 1.518783807754517 1.686339378356934 -0.1349281966686249 -0.4188635945320129 -1.465920329093933 -0.1526040136814117 -1.060226082801819 1.471691131591797 2.940709590911865 0.08193179965019226 0.1410016268491745 -0.242247611284256 3.133905172348022 -0.004599049687385559 1.427423357963562 1.838619828224182 1.725246667861938 0.8266775608062744 1.664402365684509 2.320642471313477 -1.346217155456543 1.814490437507629 3.658912420272827 
1.352694988250732 2.126052141189575 -1.534286022186279 -1.203794598579407 0.2698869705200195 -2.684995174407959 0.9220168590545654 0.1813133358955383 0.01756717264652252 0.5033773183822632 2.612579822540283 0.2264540493488312 1.228302240371704 0.8515675067901611 -4.479061126708984 3.205597639083862 -1.252416133880615 1.582016706466675 -4.907918930053711 0.941871166229248 -0.8530308604240417 0.6177675724029541 -2.427167892456055 2.576773405075073 2.126121997833252 0.1572373509407043 -1.894656896591187 2.746404409408569 -0.1267381310462952 -6.633124828338623 -0.4334060549736023 0.8451523184776306 3.188674449920654 -2.918936252593994 1.148725152015686 1.171394824981689 -1.35185170173645 -0.6410608291625977 0.5712098479270935 -2.836546421051025 3.529549360275269 -1.985615015029907 1.588736414909363 3.404205322265625 -0.8526265025138855 0.913063108921051 3.566728115081787 3.665448427200317 1.149658441543579 -3.974528312683105 
-2.658210277557373 -0.09842465072870255 0.02791382372379303 -2.522806167602539 -1.486945152282715 -2.838053464889526 -3.111712217330933 2.702715873718262 -3.813262224197388 -0.03074653446674347 1.423097968101501 -2.311027526855469 -1.893312931060791 0.774009108543396 -2.363706111907959 1.248358964920044 -2.186429738998413 -0.5056207776069641 0.001729071140289307 0.3589667975902557 -0.4961475133895874 4.211358070373535 -1.935670495033264 -5.432193756103516 3.08747935295105 -1.558968424797058 -3.032068490982056 -1.218674540519714 1.460569500923157 0.7426238656044006 -2.20276403427124 -3.805305480957031 -0.67637699842453 2.734251260757446 3.353573322296143 -0.9093210697174072 -0.7156685590744019 1.462800145149231 -0.01166260242462158 -0.9576408863067627 -1.328384757041931 0.7235154509544373 1.450759291648865 0.6975813508033752 -0.3348250389099121 -3.078354120254517 1.707432866096497 4.936080932617188 -0.671122670173645 2.449208736419678 2.772930860519409 1.379081130027771 -1.76328432559967 -2.857429027557373 -1.099013924598694 
0.1690493822097778 -0.7329634428024292 1.301242709159851 1.986119151115417 -2.571961641311646 1.326079368591309 -1.831969618797302 -3.178865432739258 0.3380237817764282 -1.85503363609314 -0.8900408148765564 1.615347027778625 -2.273748636245728 -1.720730066299438 0.8864700794219971 1.110007286071777 0.9995595216751099 -0.6177493333816528 0.8964909315109253 -3.634705305099487 0.6521627902984619 -2.487669944763184 -0.225683867931366 0.1212480068206787 5.547519683837891 -1.388707160949707 0.03911256790161133 -3.337684631347656 -1.211761832237244 -1.832358479499817 -0.1307593584060669 0.5864789485931396 0.2437933385372162 2.095009326934814 3.018450498580933 1.512854218482971 4.112200260162354 -2.448812961578369 -3.042664051055908 0.7081230878829956 1.810380697250366 0.9255508780479431 1.558858871459961 -3.576235055923462 -0.002434670925140381 1.514976501464844 0.1635451316833496 -0.3369171321392059 -3.177485704421997 -1.667543172836304 0.9692941308021545 -0.1839883923530579 -6.096341133117676 -0.3367418050765991 -1.208607792854309 2.873804807662964 1.361221194267273 2.240273714065552 -2.25883674621582 1.596344828605652 
-1.925214648246765 1.132405042648315 2.972402334213257 0.9293704032897949 0.6743320226669312 -1.176202774047852 0.01667389273643494 4.271951198577881 3.617852449417114 -0.2081775516271591 1.889873027801514 -3.340337514877319 -3.724873065948486 -2.480840682983398 -1.312315702438354 1.170741081237793 -0.01390305161476135 -3.664882659912109 -1.856112599372864 -0.6265863180160522 -1.376397132873535 1.096310138702393 -0.1683555543422699 3.26590371131897 0.3023794889450073 2.79948616027832 -0.198407381772995 0.4154999852180481 -1.961055994033813 2.623244047164917 -2.117491722106934 -0.8586281538009644 -0.8490902781486511 -2.506661653518677 1.488735795021057 0.9607086181640625 1.781162977218628 1.341850876808167 -1.766850829124451 -0.3938335478305817 -2.880702495574951 0.2700175642967224 -0.4322015047073364 -0.2548841834068298 -3.387850999832153 1.931459426879883 -1.774142503738403 3.431434154510498 -2.497564315795898 -1.888302087783813 -0.2336682379245758 0.5830204486846924 5.818601131439209 -4.101115226745605 0.5196122527122498 0.1012965515255928 3.91318678855896 1.406154870986938 -0.7991482019424438 1.178666472434998 -0.6684268116950989 3.303558349609375 3.248088836669922 -4.576597213745117 -2.995479583740234 
3.233786106109619 4.337804317474365 -0.1809007972478867 -1.202689051628113 0.1975975185632706 -0.3127479255199432 2.956138134002686 -3.017935514450073 -0.4345340132713318 0.2244444191455841 3.307929992675781 -0.9676533341407776 0.007968097925186157 1.772503733634949 2.280584335327148 0.2912139296531677 -2.461254596710205 -3.096763849258423 -0.4460085332393646 -0.3718337118625641 2.895407676696777 -1.716040372848511 3.810409545898438 -1.511144042015076 2.77477502822876 -2.328602313995361 6.767270565032959 2.653290271759033 5.008005619049072 2.546842336654663 0.6718758940696716 -1.238008975982666 -0.9006296396255493 3.862452268600464 -3.47043251991272 -3.889020919799805 0.6992583274841309 -1.662452220916748 -2.641530513763428 -4.987814426422119 -0.3252327740192413 -4.950583457946777 2.920122623443604 1.124074935913086 1.976118803024292 2.233694314956665 1.752616286277771 -3.424870729446411 5.769996166229248 -1.290149211883545 -1.227880001068115 0.6920617818832397 0.1418148875236511 -3.400736093521118 -0.8984650373458862 -2.512509107589722 -0.2000463902950287 -3.822872638702393 0.8390507698059082 4.998936653137207 -1.452734470367432 -1.881924390792847 -3.516698360443115 0.9712302684783936 0.9676303863525391 1.023984909057617 -1.385814428329468 -1.850062727928162 -2.010354518890381 -2.442466020584106 
-2.713752746582031 -0.3361335396766663 -1.637052416801453 -2.172171354293823 0.08814858645200729 0.8612997531890869 1.672029614448547 1.078176379203796 -0.3869001865386963 1.728854298591614 -1.99734103679657 -2.570821523666382 -0.5776247978210449 -0.1082694530487061 3.288208484649658 -3.814944744110107 1.879420399665833 1.254031419754028 0.6205822229385376 3.516599178314209 5.688235282897949 -0.8891957998275757 -2.631684541702271 2.428465843200684 -1.735332012176514 0.3780426383018494 0.1799988150596619 -0.121427595615387 -1.849008560180664 0.005948156118392944 -2.435853004455566 5.045686721801758 -0.4558416306972504 -1.031868457794189 1.795830726623535 0.7508100867271423 1.151671648025513 3.126631021499634 -1.894505023956299 -1.50136137008667 -3.610060453414917 -0.8442320823669434 -1.795923948287964 -1.85732102394104 -1.745084881782532 -3.218829393386841 -1.875350713729858 0.1937330067157745 2.677181720733643 -3.655173301696777 1.71061384677887 1.107462644577026 7.166957855224609 3.670083522796631 -0.9520076513290405 3.591471433639526 -0.2461888343095779 -3.789274215698242 -0.03090506047010422 0.2608509659767151 8.67448616027832 2.224653005599976 2.699168682098389 1.520925521850586 -1.701634764671326 4.742208003997803 -0.3517378866672516 4.426499366760254 1.81974458694458 0.8139162063598633 -2.526956796646118 -4.628335475921631 -0.8960766196250916 4.10135555267334 0.4947821199893951 
-3.479654788970947 0.8371751308441162 -1.102714657783508 0.01230713725090027 -2.287481784820557 -0.6146365404129028 0.9513304829597473 -3.464988708496094 1.943759918212891 -0.1235616207122803 1.39723002910614 -0.1104499697685242 -2.079039335250854 5.487395763397217 -3.874481678009033 -1.577935814857483 0.4380007982254028 -1.247977733612061 0.4383364915847778 -1.707651138305664 -3.262932777404785 1.929291248321533 -4.38780403137207 1.828511238098145 2.245962381362915 4.405141830444336 1.640347719192505 -1.967558860778809 0.07653260231018066 -1.394243359565735 -4.285297393798828 2.731919288635254 -4.437337875366211 0.6801917552947998 -0.3933995366096497 -1.392366170883179 -2.5842444896698 4.394187927246094 -0.6596290469169617 -4.696338176727295 0.9946484565734863 -1.697530031204224 -2.26932692527771 4.102487087249756 3.397634029388428 -0.6054985523223877 -1.360438704490662 1.317858934402466 4.361666202545166 -6.950499534606934 -5.762290000915527 -0.8400387763977051 -1.033247590065002 -1.621083498001099 2.602253675460815 0.1544339656829834 -5.317399978637695 4.077220439910889 3.958468914031982 0.6171689033508301 5.314579010009766 3.222975730895996 -2.306994199752808 -3.210843801498413 3.328993797302246 -0.08619546890258789 -0.7576630115509033 1.274893403053284 -1.313087582588196 -3.027794599533081 1.326162576675415 -0.9323703050613403 1.370906829833984e-05 -0.03733178973197937 3.834245681762695 3.517745018005371 -6.013405323028564 -0.3765150904655457 -0.06233119964599609 0.5697025656700134 
3.190107345581055 3.763405561447144 0.4907205104827881 -4.280784606933594 5.107417583465576 -1.108964085578918 4.771941661834717 -2.263909339904785 -0.2267309129238129 10.94369220733643 0.9535467028617859 -1.716340661048889 1.140621185302734 -1.543229818344116 -0.2726004719734192 -0.5581763982772827 -0.7540585994720459 -0.6805309653282166 -2.863417863845825 2.550296068191528 -0.4434171319007874 -0.2477640211582184 -6.061254024505615 -7.674962997436523 -7.390135288238525 -0.1056140661239624 0.7287967801094055 -0.6737552881240845 6.224743366241455 -0.1513952612876892 -4.130456447601318 1.320156812667847 -2.594404697418213 -3.843827962875366 -4.071675300598145 -4.123106002807617 2.242092132568359 3.038221836090088 3.41461706161499 -0.5389824509620667 2.332600831985474 -0.5938860177993774 -1.102839708328247 -5.052258491516113 2.029975175857544 -1.937876582145691 -2.538494348526001 -4.309409141540527 0.9310073852539063 0.3389232158660889 1.827531218528748 1.946471691131592 3.252157688140869 -0.8296827673912048 -2.005688428878784 2.804262161254883 0.7130743265151978 -1.306155562400818 0.427318811416626 6.036720275878906 0.7177402377128601 -1.509173393249512 2.481784105300903 -3.09879207611084 -1.611214637756348 0.6391354203224182 2.148769378662109 -4.854247093200684 3.638997793197632 -2.413278102874756 1.571889638900757 -0.4216769933700562 -2.139066219329834 0.7878838777542114 -4.094388484954834 0.05468101799488068 0.9726696014404297 6.655018329620361 -5.686577320098877 -8.478413581848145 2.648157119750977 0.2390761375427246 -2.844231128692627 3.050802707672119 -2.50963020324707 
1.935868978500366 -1.669759511947632 3.26220965385437 -2.049337863922119 -2.919767618179321 -2.208009719848633 -3.188781023025513 0.940479040145874 -0.4999444484710693 -5.11387825012207 5.478309631347656 -2.425500869750977 -1.580581426620483 -3.150225877761841 -5.001287937164307 2.686070680618286 -2.399834156036377 -2.016418933868408 5.646689414978027 -1.44214141368866 -2.807073831558228 0.5159218311309814 6.536577224731445 -4.688949584960938 -0.5189198851585388 3.976125478744507 0.6197077035903931 -1.991490244865417 1.330350875854492 8.495925903320313 -1.164881110191345 2.427037239074707 1.544220328330994 -1.718482613563538 3.663549423217773 -0.4866884350776672 0.718533456325531 -3.887059688568115 -5.371885299682617 1.864032387733459 0.2482302933931351 3.82837438583374 -0.5358151793479919 -2.794663429260254 -2.327728271484375 2.01856517791748 1.032870292663574 -5.057311534881592 4.537171840667725 -0.7835868000984192 2.494411468505859 3.109891891479492 -4.004592418670654 -1.327921748161316 2.640467166900635 -0.3795067667961121 -4.210926055908203 -3.129481315612793 -0.5379501581192017 -2.389174938201904 -4.358663082122803 -4.639452934265137 3.312552452087402 7.989109516143799 0.03217947483062744 -1.840590119361877 1.420982837677002 -4.773369312286377 -1.294631719589233 -3.067098140716553 -3.037919998168945 4.428567409515381 -2.589315176010132 0.5734937191009521 -1.407154202461243 0.3416829705238342 -2.644734859466553 4.517328262329102 1.952957272529602 3.73052716255188 0.7432571649551392 -1.60197901725769 1.60939085483551 3.055066585540771 -2.522803544998169 -2.066703796386719 -3.015048742294312 0.6067374348640442 -2.087745189666748 3.242180585861206 
-6.029102802276611 -3.13316798210144 0.3813207745552063 -0.7986131906509399 1.579031109809875 2.502677917480469 5.239582538604736 -5.290541648864746 5.396542549133301 3.004593849182129 2.491380214691162 -0.1624546498060226 -0.9589940309524536 -2.38364839553833 -0.2879183888435364 0.1237019300460815 2.239555835723877 8.936753273010254 -1.10163140296936 -2.039412260055542 -1.850189805030823 -0.7066221237182617 0.02857431396842003 4.677549362182617 3.554993629455566 -5.418346405029297 -1.980050325393677 -8.701045036315918 -0.9350968599319458 0.6757550835609436 -3.189601898193359 -2.793946743011475 -2.415531158447266 -1.722139358520508 1.666720271110535 2.258362293243408 3.873514890670776 -3.247774839401245 1.155415773391724 3.889354944229126 -2.903171062469482 0.07924067974090576 -3.335555553436279 1.173891663551331 -3.34230637550354 1.831151008605957 2.226498126983643 6.602947235107422 -3.353411912918091 -5.549303531646729 -4.1571946144104 7.982854843139648 -3.043153047561646 -2.839985370635986 0.1682109385728836 -0.2079603672027588 -1.276604175567627 2.938407421112061 2.796321868896484 -0.3243009448051453 -1.550798177719116 -3.569157361984253 2.044193983078003 2.721221923828125 1.406378507614136 -3.627213954925537 0.5825173258781433 -0.1165712252259254 -5.521858215332031 1.595991373062134 -5.955102920532227 4.718767642974854 1.294862747192383 -2.556716203689575 -0.8690436482429504 2.244547843933105 2.586965560913086 -1.254974126815796 -8.992031097412109 -5.94621467590332 -2.868307590484619 -2.167957305908203 -0.8056386709213257 -4.188336849212646 -1.351065158843994 0.2973348796367645 0.03150227665901184 -0.1296034008264542 -4.730009078979492 -0.5788092613220215 2.739170789718628 0.04331302642822266 -2.416457891464233 -0.2638950049877167 -0.6311325430870056 
