6.158095238095235 14.59166666666667 8.616666666666667 3.804761904761899 14.32857142857143 
30.82099552784074 11.98888888888888 17.83396164021162 15.47486772486772 20.57019951499116 31.34360119047616 23.35888447971779 36.27460317460317 16.97054988662131 38.21844529478457 
78.41824042579997 38.85935185185188 44.61177248677249 44.59301146384482 17.22817460317461 35.73799603174604 52.78151927437641 45.29871504157219 29.94216269841271 18.14960317460318 91.65178571428572 31.26851851851853 22.8931849962207 41.72407407407407 35.34299886621315 
65.554693877551 41.26349206349204 55.33988095238094 58.13333333333332 52.82015873015872 84.27817460317458 26.38571428571427 59.72394179894177 31.42605820105821 33.1264417989418 60.76776895943564 36.56891534391534 64.26634920634922 39.73684303350969 57.98888888888885 40.89325396825394 42.07420634920633 44.80023305618544 45.09814814814813 26.73492063492063 
110.7854387125221 54.30384920634921 48.46908730158732 55.64236111111114 38.72474867724869 36.60068342151678 71.79751984126987 38.80546296296296 68.93396825396829 44.81024187452759 99.38373015873015 44.75813492063492 41.72708333333333 89.3878306878307 49.37641975308642 55.28160052910056 41.93861111111111 49.87559523809526 64.208132558579 54.15119047619049 49.6879582388511 48.84071428571428 46.59091269841271 33.61278659611994 42.62982993197278 
111.9484126984127 88.27276785714284 103.0533862433863 104.7286706349206 57.24140211640213 152.965625 94.84201058201057 120.2390740740741 82.12217592592592 83.75970332577477 86.7561243386243 123.2141369047619 95.91061177248677 71.93659060846559 92.1166005291005 71.0815376984127 115.7729761904761 130.2769642857143 98.47192460317463 61.13910714285712 63.16232363315696 99.41249999999997 59.40083333333331 59.92129409171075 57.68597883597882 75.6176984126984 71.91746031746031 95.69414682539681 74.41755952380953 91.91567460317457 
185.1697979654825 79.93149470899471 38.24014550264548 86.34596560846559 56.91977513227513 100.9839380196522 69.97420634920631 66.60952191987904 67.5455467372134 90.62077270723098 96.20830026455027 72.20997354497351 97.57769510582008 50.80079365079363 47.11269841269841 108.1430224867725 130.7100529100529 77.7719135802469 95.5747685185185 71.33075396825393 105.2360119047619 77.4186507936508 51.39656462585032 74.05906084656084 107.0773809523809 71.10119047619048 84.51589947089947 80.67850529100529 57.22232142857143 67.64318783068782 116.1487962962963 53.57100434618287 83.34501133786846 58.03239323507178 64.23354497354497 
88.65443735827665 66.29211640211639 69.71607142857142 114.2853505291005 50.64775132275131 87.18057571176621 57.09942239858906 85.16757936507938 68.8609259259259 72.45415406903503 88.01425264550267 85.36783950617284 98.11635582010581 71.59980158730158 70.99583333333329 84.17271164021167 72.58909391534391 103.9618452380952 99.84932791635171 100.2588161375662 59.29150132275134 116.1266373771731 72.92487433862433 86.02713514109347 82.49682870370373 84.24412824389013 65.05927579365078 78.05074168556312 54.84974851977829 63.48131424792138 71.8573115079365 65.12939342403628 78.18813932980599 68.40188492063493 73.94019179894177 57.68782438901489 38.26284611992946 82.41350907029474 86.5761111111111 78.66601536911061 
117.7149801587302 182.7391534391534 63.67222222222223 98.58946712018141 112.578692680776 144.799880952381 142.2107898715042 161.5989748677249 106.4687320483749 97.22276077097507 88.83098072562359 101.4894246031746 94.18730158730162 114.8886640211641 129.2880952380952 105.6880952380952 125.1587906273621 170.9668083900227 175.9787996031746 133.3775573192241 116.1084259259259 111.8182020030234 139.4654761904762 96.67675264550263 125.9962301587302 142.2615079365079 133.0909953703704 111.8002551020408 149.3767857142857 92.59873015873016 133.072037037037 167.0437566137566 139.788458994709 112.970138888889 156.303709372638 157.0342526455026 105.9988095238095 205.9118126417234 93.39245086923658 110.6153869047619 138.1963888888889 92.10853174603172 194.6182608969514 113.861649659864 99.09178004535147 
102.5675088183421 105.0968915343915 168.2400453514739 140.5024603174603 177.6042923280423 98.48272486772485 141.5248015873015 114.720291005291 165.609365079365 109.692465356513 108.5473544973545 137.6969841269841 88.20022486772484 98.40138888888887 119.7265542328042 133.7865079365079 172.5540343915344 147.7890211640211 106.809445074326 149.7851842403628 146.4087323633157 132.0034391534392 156.9250680272109 184.5802028218694 188.7524092970522 109.9839947089947 91.05650793650793 120.9537654320988 99.35806878306875 194.5491402116402 112.7396825396825 110.5127755731922 120.7497930839003 146.0238425925926 88.29257180650038 145.5775510204082 121.4507999496095 115.8053571428571 103.4384479717813 112.4186337868481 165.0175132275132 109.8423941798941 165.2240828924162 128.1602198286722 128.5258597883598 86.61939153439154 108.3179686318972 170.1333333333333 167.6472354497354 110.0216402116402 
118.4024790564374 124.767791005291 78.35250850340134 180.4135723733938 172.4780730347694 107.559942680776 105.1311318972033 162.7282202695893 126.6875496031746 135.1390888762912 176.3359378936759 147.4586152053414 110.3737528344671 152.3180102040816 182.5945701058201 123.089509164777 115.1287477954144 168.7889361300076 102.7999669312169 108.0576499118166 190.1740551776266 139.8495606575964 160.0723124527589 121.3271447467876 166.2602867535903 115.0412588183421 104.2787477954145 95.47079554043842 89.51719576719579 113.5183887629125 83.35742945326277 108.5300736961451 126.6160289115646 112.1982741244646 122.2066112370874 96.58627645502645 114.2277551020408 107.2911100088183 148.7129100529101 150.8307495590829 172.7684240362811 151.2310846560846 106.8421957671957 156.5002251826657 89.45475324389022 107.0095593978332 118.4568150037792 90.1000614134543 129.3973820546737 97.66173311917359 144.5243291761148 101.0668055555556 140.6620238095238 138.1027210884354 114.7718584656085 
156.6373540249433 104.1657319223985 100.918864638448 105.3457275132275 97.16627283320734 106.194963781809 93.52153722600151 92.9134656084656 81.85635802469132 112.4599694507432 167.6101455026455 143.9283131771227 122.1426442428823 115.4324074074074 125.858840388007 153.9075958994709 114.6824955908289 112.0535893801965 96.41557382212143 120.525119047619 107.4291115520282 75.53709766313931 91.22928760393046 102.3133849836231 103.7325105505165 96.07759637188204 91.80998015873017 97.03736111111107 135.4730555555556 129.4878784013605 95.3290536029226 102.9831878306878 122.4814373897707 94.4431878306878 125.0685791446208 129.4049256739733 110.3212041761149 105.4660015117158 116.4982457797934 75.8806746031746 99.41632936507935 59.64387566137565 106.523707010582 99.02178760393042 103.7239880952381 78.22197656840511 123.4146792328042 110.1194160997732 121.4893216175359 144.1908597883598 144.1862103174603 136.9126732174351 88.77164462081127 123.4221641156463 142.1145987654321 138.2198082010582 126.8755139833711 130.4663293650793 122.5774792139078 109.2777358906525 
285.6188222789116 172.7220238095238 153.7145894746788 147.43204617032 127.2152749433106 161.5424448853616 225.5710714285714 135.9859656084656 167.5648412698413 150.4036659108088 149.2042162698413 110.0115564373898 170.6305681531872 154.604246031746 145.4413910934745 159.1596560846561 139.7142526455025 145.6888624338624 120.917533068783 136.1179177689594 167.3040873015873 130.5293154761905 182.4460175736961 175.8582671957672 143.5554596560846 136.58326829806 156.560830026455 142.5199877173091 167.3311507936508 153.4597023809524 163.5452711640212 133.6622538737718 134.7057972726127 100.3746428571428 173.1687665343915 90.44153439153443 118.1281746031746 193.3978571428572 146.3020370370371 135.1405588624338 124.4076256613756 153.3981078357268 125.7333371126228 162.2710405643739 146.9804783950617 154.6454464285714 180.8929157218442 125.1438548752834 182.4789991181658 164.3340388007054 196.85 92.19220679012345 192.5296031746032 193.104861111111 170.8639880952381 147.4824168556311 197.4746693121693 169.5243386243386 146.3138888888889 138.7756613756613 133.0518518518518 132.1801917989418 105.2678538359788 122.1350736961451 144.7619312169311 
131.6669422398589 147.8711144179894 184.1878544658604 138.6164186507936 125.0730410682791 183.6051036155203 163.6281273620559 156.7246622260015 175.3990975371631 139.4475458238852 158.9617063492064 210.6457686130007 193.4017250881834 145.3192294973545 206.9097686759889 177.0253946208113 183.5899305555555 180.6923170194004 170.4433075081885 129.5665950176367 222.4671839569161 175.1783267195767 140.5361418178382 157.2382936507936 182.5779728835979 132.014525856639 172.8041997354497 151.9846159297053 206.7845017636684 142.4266652494331 161.8215498236331 100.5250251952633 163.0592096560846 120.6883267195767 238.0497968631898 173.1729265873016 154.2686706349206 223.5223568594104 184.323473324515 177.6575176366843 193.5013029100529 219.0585648148149 136.5838194444444 178.18139329806 124.3888161375661 123.2039521919879 149.2184193121693 144.315908446712 176.0013888888889 201.8842515432098 190.6409226190476 107.4528604497354 146.2364095175107 168.8143683862434 184.9500848765432 158.9798815822625 204.3078010833964 186.9469652305367 207.9768613000756 147.6553174603174 170.2066369047619 122.1673091458806 170.9482308201058 217.3041335978836 211.3881172839505 205.9374829931973 147.7156415343916 221.4582837301587 182.7960284391535 188.3346891534392 
394.0542704396573 173.7001225119679 159.8653835978836 166.804264298312 221.8790123456791 151.5469025573192 178.0423036344168 187.2210789871504 170.6266369047619 172.7667713844797 118.7307775888133 233.6406856261023 211.1949792139079 188.6896365583271 224.4877645502646 219.7380698853616 216.5273809523809 134.3196913580248 182.2256535021416 215.6111111111111 171.7954034391534 214.2336230788612 147.8804006046863 198.002772266314 171.3739252645502 204.9307363315697 210.1059492315445 154.3063199168557 157.6065302973041 280.4310122197027 156.3962720458554 136.7206349206349 183.2225355883094 177.5710052910053 245.4036350466112 132.8858560090703 208.4034777336861 177.8119775132275 218.3319885361552 159.5727717939028 182.4628606072059 168.9839247921391 166.5892570546737 220.1903224993702 180.5696990740741 183.2857048374906 188.1185714285714 151.619042579995 189.577557319224 243.5113548752834 231.8823814247922 151.3553461199294 204.9572971781305 219.3232275132276 122.4506802721089 150.4084797808013 181.1229232804233 216.668290186445 203.3822486772487 164.0222382842026 191.1376818783069 174.4788756613757 242.9478930461074 210.7374338624338 223.4832010582011 181.4265906084656 178.9482142857142 129.6819491685563 169.1008928571429 133.473670792391 166.6930555555556 185.789454994961 223.0809703325775 187.929332010582 131.4441302910053 
197.9401941609978 274.0368055555555 152.5079506802721 157.7556481481482 215.0519731040564 177.8140295099521 223.4108276643991 152.1040986394557 120.044050925926 240.6164899848828 214.7022982804233 150.4204122574956 187.9694885361552 169.2254109977324 178.9912344104308 185.1753207671958 223.9050973167045 220.1871537226002 178.5013337742505 308.5574026832955 152.7960648148148 177.8034942680775 164.0637007117662 197.677305366591 168.5898834719073 195.4680670508945 189.3531065759637 181.7849316578483 260.7985725308641 146.096313303099 204.2140636810279 211.6081878306879 164.1862690539179 270.9279195011338 207.1418253968253 186.0353174603175 166.8082624716553 217.1681690917107 160.1510416666666 156.4591732804232 175.4231448412699 137.7877947845805 264.0614734504913 188.4124228395061 226.2156547619048 254.9261067019401 185.6252735260772 261.6968077601411 163.0244378306878 186.0478875346435 231.8397408037289 273.9831150793651 183.8373299319728 204.1012526769967 200.5414583333334 133.1547548185941 216.9304761904762 145.3425458238851 202.7689285714286 247.4495880574452 201.9090939153439 156.2249801587302 175.6506797996976 162.9388794406652 217.8455371315192 152.0375330687831 146.5814715608466 141.4785052910053 209.1855073696146 181.1466049382715 202.9700793650794 181.2843442932728 192.7469113756614 150.2462211829176 135.4672430083144 168.0879519400352 186.5470469576719 219.6919690098262 176.8480399659864 139.1801615646258 
163.8882451499118 224.5215365961199 159.9775992063492 206.3873941798942 162.1348015873016 291.6143584656085 166.6580158730159 143.9846211262283 155.3021560846561 185.9915203766692 152.0689525069287 161.9987906273621 158.6639781746032 269.0782374338625 221.2202924225245 215.2823346560847 129.6178946208113 149.4336331569665 162.7617157974301 143.5160604056438 192.3369444444444 156.6416468253969 209.0813605442177 172.0066931216931 196.9702728961955 266.879396101033 208.0070822310405 253.987147266314 171.7339616402117 195.3553108465609 213.2353758818342 120.7328410808768 189.6977277021919 165.2603202947845 240.6357186948854 295.6247288359789 201.3066468253969 197.900085978836 167.6908550642479 199.8129629629629 152.0274385865457 214.2378714726631 157.9085769400352 146.0430599647266 134.3471362433862 156.2084832451499 174.2374823633157 257.0202815570673 170.5871671075838 216.4936479591836 157.7185097001763 157.0739000692869 170.8026785714285 157.8201568405139 175.5886243386243 156.8774070924666 203.4744841269841 208.6960317460317 263.1309986772486 159.9573214285714 143.7706194885361 146.1805952380953 155.8072663139329 145.5801521164021 166.9594381456286 160.2749503968254 213.3201979402872 191.1855064247921 162.6238454270597 144.5714285714286 115.7168361048123 190.4156701940035 158.5095149911817 156.8974748047367 196.5366402116402 208.1364413265307 172.1307832577476 163.3505914588057 201.37096340388 162.1984079743008 148.9224074074074 188.5463789682539 175.372533068783 138.9156415343915 182.1740740740741 
209.9504763479466 238.1919510582011 209.6869157848325 216.7070590828925 222.9511040249433 166.8668203577727 241.5208664021164 201.3451316452507 252.5254519400353 216.6800437767699 241.3948842592592 249.8882889266818 237.1066247795414 238.1785485953641 231.5040211640211 228.3594434996221 207.7935137944066 243.1373968568909 245.3876091269841 176.2303722600151 203.0588777084907 210.8860504850089 234.0282431027966 237.265480914588 243.2652447089947 228.0902292768959 248.5462471655329 281.7729368228772 242.6001732174352 164.3531443688586 245.4866953262787 244.0835537918871 241.1400297619047 302.1663548752834 209.7082076719577 249.5690861992945 170.1349022108843 217.2284297052154 232.6159352166792 231.3168194129504 261.86871819098 162.9046957671958 215.3366354875283 289.6955546107332 189.4618417737465 169.8213309397833 276.9273644179895 313.5769595616025 239.6903952506929 261.9238095238095 152.0091474552784 245.8987591332829 257.2828207671958 208.722944223986 157.1307360166289 280.6108928571428 247.2168042957923 267.9725396825397 205.6106246850592 177.9059356890905 223.8113633786849 244.9802069160997 235.2222354497354 272.6230355568152 235.4212736205594 229.3555758692365 232.7507180650038 240.4674941735953 175.8389517195767 333.5000992063493 215.9537329931973 196.7001637692113 242.8842482363316 245.3083437263794 242.8556382275133 257.4188605442176 199.846911218191 233.6143329554044 234.09041005291 152.6470899470899 187.6255385487528 211.3846371882086 185.4686243386243 217.0049878747795 228.352791005291 218.1118353174603 217.1188066893424 225.623544973545 282.870288643235 247.2041477702192 
256.6381344482237 283.5091820987654 199.5787887377173 267.8754180839001 235.3810626102292 208.176100718065 250.5812767699673 233.0482355442176 253.0952286470143 276.3508153817082 203.3948948097757 246.8257873519778 215.4737953514739 302.2140873015873 332.1450979465861 263.2267335915848 210.7709931657848 228.2285879629629 324.1490523431595 179.1369079113127 275.4411375661376 251.4622641093475 255.5861985071806 261.108060909549 198.0217146951373 236.0436833900227 234.9240268329554 245.3077366780045 296.8035218253968 249.4670800264551 239.1274896069539 198.7260186759889 228.084339569161 206.1210681216931 299.2125981040564 209.4322734001007 276.6409887566136 190.4780396510456 226.667117031998 313.0211104812296 180.3683179012345 213.2716732804233 245.9265188019652 232.7631311413454 203.2684229339884 285.7192008377424 245.085228489544 279.2440759637188 249.7035580435878 249.9019664902998 285.7342537477954 192.2401763668431 318.1375278722599 166.7716128117915 242.3420256991686 341.1374007936507 247.639411690602 195.6835394620811 228.6075341710758 196.5640038422775 266.6439126669187 176.1748133975813 209.423153659612 222.2178083270343 204.2050958994709 192.3732127110104 206.6971197089947 274.7108961640211 211.9306391723357 260.3087392920131 181.4599782690854 217.7995488473168 335.712816515495 325.4402943121693 222.063245622323 196.6253938334592 294.0239205404383 236.0597056878307 184.4204662698412 259.7451530612245 227.829282249937 253.9437386621315 240.0801785714285 233.9083059334845 239.6505872071051 269.2805831128748 343.821511558327 202.9806051587302 218.8915532879819 210.1701223544973 209.6229686318972 210.1915556500378 210.569610733182 270.5509618291762 246.3448126102293 
234.8138251133786 262.2695855379188 270.0828236016629 199.249384920635 258.5975894431846 249.1372134038801 256.3593584656085 315.9971560846561 276.8507936507937 206.4612103174603 256.325627362056 364.2505070546739 348.3853998173344 220.0753492693373 232.3184645061729 250.6508772675737 193.0318613000756 286.1879133597883 279.4340060468632 266.9243480725623 222.7280309901739 218.631913580247 298.2563492063492 259.4222244268078 291.4856736583523 295.106642101285 283.9513646384479 286.3380423280424 238.8158352229781 239.0890211640211 212.7491526518015 297.7802828168304 385.0554280045351 223.7449990551777 233.8221770282187 305.3634474993701 339.3799933862433 269.9630385487529 188.12295382968 267.8190882464098 208.0942094986142 419.4635369425548 266.0869756235828 313.416090325019 243.5050264550264 202.213082010582 223.7562632275132 285.735971749811 300.3257631015369 196.1011629188713 230.6282407407407 261.5487849584278 212.4981939720333 225.0686507936508 261.9233465608465 228.800582010582 295.857619047619 270.0763699924415 269.5527730536659 236.1086526832956 317.5588624338624 230.1281305114639 284.7864748677249 247.5780753968254 237.0700661375661 209.5082341269841 297.3856840513984 304.5908333333333 216.7538885739481 212.8188104686319 259.9909588372387 270.9390718694885 257.2366411564627 234.9723195389268 287.8819312169312 229.3544753086419 303.3831238977072 216.7573544973545 196.4864021164021 283.0272675736961 242.0684075018896 234.5876729024943 250.3057020030233 186.6354809145881 348.0591757999497 334.1679232804234 216.0295993953137 230.8837466931217 172.1814247921391 262.67066877677 248.0536408730159 278.6898592214663 299.883173973293 294.9951289682541 315.6238874716554 265.5895502645503 269.7780040627362 243.8745918367347 200.7804242252456 229.0545162509448 
