3.62500000000001 9.01736111111113 10.4666666666667 23.9027777777778 14.8263888888889 
36.4783503401361 14.674503968254 25.7835317460317 15.4640873015873 16.2103174603175 15.9760676492819 12.7575396825397 14.134126984127 23.8369047619048 54.2439200680272 
21.3335262345679 42.171626984127 26.5223544973545 21.8711750440917 12.1018518518519 18.5472222222222 11.3596560846561 32.5775132275132 36.7268518518519 21.6283068783069 21.8001102292769 18.6766203703704 16.8603174603174 47.4814925044092 36.2287367724868 
62.812380952381 61.4303741496599 36.8780257936508 40.8532638888889 76.99445861678 39.4529761904762 59.8819349962207 46.8453703703704 30.456746031746 51.9322486772487 51.3400396825397 71.5576388888889 81.4587301587301 63.6508267195767 48.4841666666667 75.7027229780801 83.0363095238095 81.9514087301587 52.0256944444444 36.8535109599396 
93.6147817460317 76.2127314814815 64.1802777777778 43.5527777777778 49.4996693121693 54.9460978835979 99.033024691358 73.3477513227513 67.9609126984127 81.5472222222222 44.2145171957672 45.121626984127 41.3249338624339 63.2824735449735 89.2896428571429 51.8814682539683 73.2902777777778 95.2539682539683 72.2641865079365 56.7741512345679 70.2780423280423 77.2029365079365 75.5184193121693 39.5273148148148 65.0598403250189 
254.005216206853 94.1547020660116 132.427246315193 115.031732804233 55.5793527966742 53.803939909297 59.2793537414966 64.9218253968254 117.247370244394 137.470802626606 116.17123015873 81.0848214285714 110.989947089947 74.3875850340136 97.0231279919375 44.8231859410431 116.52208994709 127.983645124717 82.5220096371882 81.014417989418 62.2079081632652 82.7710515873016 91.4078703703704 68.3188397581254 84.4050595238095 60.6965702947846 117.792476851852 103.738151927438 75.5965608465608 66.6911111111111 
97.821060090703 65.1142857142857 73.8929894179894 54.4784643487025 76.9720238095238 65.224007936508 60.6020061728395 63.2889329805996 58.0650132275132 51.731626984127 42.5488888888889 47.0094633408919 60.9255291005291 86.5534391534392 89.8821428571429 76.2524376417234 57.6585582010582 68.4252078609222 108.07003968254 68.1469167296548 80.157671957672 86.8224981103553 73.5011574074074 52.5064814814815 66.3390608465608 65.2519047619048 142.124669312169 95.0810846560847 66.0714947089947 76.3175044091711 105.576218820862 96.0547619047619 84.6705574452003 63.7604365079365 63.5908635676493 
176.593550170068 84.7733024691358 86.7783068783069 105.979188712522 79.0135317460317 66.9119047619047 62.396626984127 81.5460600907029 101.987896825397 102.369482237339 91.9027966742252 59.4672123015873 83.9726851851852 104.608234126984 103.583994708995 98.29041005291 126.8985670194 109.737081128748 130.291567460317 64.3660430839002 61.6056216931217 54.1838851095994 96.6577522675737 163.38082010582 99.6057854623331 71.9789682539682 66.0565806878307 62.8042989417989 62.0385361552028 82.5695483749055 66.8811271730914 61.1761904761905 95.069246031746 82.6189484126984 88.6921296296296 66.0750622008062 47.6464931342907 92.1467876039305 61.6610615079365 86.3951688082641 
211.894934492315 102.02698648904 118.115933641975 141.437103174603 107.871177721088 75.3037641723356 72.9543849206349 61.1978174603175 105.492705026455 80.1974914965986 90.7522486772486 146.745781368103 96.3526152683296 76.8709656084656 81.0373015873016 62.7062301587302 125.966038359788 73.7234347442681 120.735218253968 131.224576719577 109.95682319224 68.477628968254 152.629011243386 66.5552888007055 65.723201058201 92.3398908730159 87.2687764550265 80.2134656084656 81.920860260771 138.142427248677 111.10733686067 81.5346428571429 125.458895502645 101.658544973545 52.1357076719577 87.5521164021164 101.32251196775 81.220376984127 70.5093088624339 100.823247354497 78.5195968757874 96.3893849206349 73.8449007936508 129.794504913076 63.5229298941799 
303.000731135047 132.662533068783 127.508796296296 146.588214285714 108.843520723104 103.643981481481 147.6 144.313022486773 148.437632275132 171.358739606954 135.044700176367 153.284620811287 111.966344324767 138.384367598891 98.5885912698414 163.407394179894 91.7933815192744 159.408555366591 173.853571428571 115.273716931217 106.59246031746 100.262345679012 101.594929453263 155.769616402116 119.550171957672 114.614417989418 97.1196957671958 173.234424603175 95.8579034391534 134.356084656085 114.472178130511 134.293346560847 106.457291666667 142.153121693122 81.9183311287478 100.840128968254 129.650564373898 136.952636054422 79.6644444444444 145.687814153439 106.772508818342 121.019262566138 128.032851473923 123.031167328042 148.923959435626 74.9806374401613 66.8770171957672 111.363227513228 88.0158377425044 104.906031746032 
179.732865646258 104.344279100529 120.499178004535 155.22664792769 119.547023809524 135.727935248173 157.160052910053 164.439555933485 122.748842592593 119.525597600151 176.615773809524 152.625408635676 140.533796296296 149.735615079365 136.975942460317 162.079574514991 150.828521825397 156.217195767196 113.092179232804 174.388938492064 129.644890873016 134.192183169564 132.731253306878 175.57996031746 178.870555555556 132.297679988662 126.905868764172 157.885468631897 116.393641817838 151.914994331066 110.609675925926 132.025191326531 130.372023809524 153.763673941799 167.750864512472 107.019477513227 131.562090576972 102.474187452759 158.888651895943 172.930371315193 111.812251984127 120.608664021164 113.842112622827 229.15558531746 153.086737213404 114.764285714286 148.208066421013 158.003753306878 172.876658950617 130.794568373646 135.07349537037 154.35098733938 123.087485827664 90.6941964285714 152.058426240867 
95.7851984126984 90.9725047241119 115.278690476191 106.960366591081 132.272817460317 97.4089739229025 125.402182539683 76.2609640337616 113.996759259259 103.621683043588 132.080442176871 124.074759070295 130.069216427312 141.818968253968 94.5628637566138 106.612967687075 111.85059303351 115.853801335349 116.847100970018 82.9694784580499 102.670138888889 115.983799130763 100.132905801209 86.4372004913076 113.28621015999 104.677150415722 95.0701554232804 120.74339175485 97.8296439594356 113.767273557571 98.448256802721 85.1056875157471 179.710207860922 79.4695105820106 133.656717687075 97.7424716553288 84.8101884920635 115.837345679012 103.069539871504 119.724861111111 107.530184082892 92.7080475245655 117.915845458554 74.980823255228 125.414978584026 145.38033824641 144.614713718821 147.002939342404 67.4229785525321 167.711051587302 190.611591080877 101.079319727891 83.8863492063492 85.935 108.725969387755 169.705309901739 96.9986026077097 121.462696050642 97.5711848072562 99.2280725623583 
345.773408446712 147.101080876795 198.533007369614 206.887592592593 142.124451058201 198.24684712774 221.736099773243 172.543419312169 119.002640306122 161.545496031746 148.868994708995 155.587433862434 140.88318452381 135.627927374654 133.906517857143 147.759511054422 239.836375661376 155.009545068027 211.946048280423 175.583303099017 206.43625 167.397982804233 157.598612213404 188.014898904006 188.394399565382 189.849761904762 216.046121504157 129.783779761905 119.343833144369 159.991270156211 159.315575396825 189.868882275132 178.538747795414 134.191369047619 152.855138888889 160.255711451247 189.897181279919 175.478722600151 123.462753527337 221.464413265306 210.434404761905 144.470542328042 149.799617346939 135.484920634921 155.408276643991 198.583167989418 148.367988158226 176.493758503401 118.393016975309 213.345860890653 133.863165154951 128.523220899471 131.402369142101 172.949312169312 178.205139833711 182.183898652053 137.051712962963 192.523223104056 180.670359662383 166.550623582766 146.297826908541 184.897953042328 161.264989606954 202.202346781305 121.940740740741 
231.092939342404 111.623707797934 83.4734823003276 137.247781242127 134.858120748299 168.5616638322 115.090601379441 96.3732671957672 125.395350529101 106.12511526833 113.299742535903 125.331599111867 95.2927717939027 136.485178571429 99.3163473167045 117.932932728647 152.463530643739 106.445194003527 111.275198412698 199.066055681532 109.750820420761 124.620403439153 142.892091836735 112.418160273369 104.069649943311 109.060499811036 95.8886111111111 118.914026832956 160.200392731167 100.440847348199 118.593396636432 175.713380574452 129.17083994709 128.179652777778 130.707585978836 132.833088466868 122.802519526329 145.936565098261 132.187605820106 103.64587191358 107.259198633157 138.782826908541 121.988534580499 110.279481764928 132.353099962207 101.76994047619 144.309524596876 149.11068452381 111.563022486772 102.042229780801 101.810691137566 87.7916099773243 173.435451310154 92.600606261023 107.203173185941 119.804339884102 98.4793209876543 146.104494047619 195.097552910053 155.898918178383 120.607530234316 148.856091427312 106.899922839506 131.165389896699 141.319081632653 190.278937547241 102.418139329806 211.595722789116 100.95392101285 172.649509637188 
212.7048170194 230.614247291509 201.523120590829 173.331972789116 194.52287414966 215.712880448476 142.077678571429 184.326480221718 219.382223167045 141.657994771983 181.951716427312 170.833549382716 272.447295445956 185.162279541446 208.479330120937 143.31727292769 167.89382558579 190.993132716049 195.198148148148 202.343293650794 144.327398589065 273.437202380952 234.565181405896 232.886970899471 199.329188712522 152.098680555556 164.212088687327 161.181537698413 181.540912698413 191.221486992945 163.371521478962 212.372235449735 240.039058956916 194.48621031746 143.504832451499 228.949850088184 232.297090262031 257.343869677501 258.490057319224 236.430136684303 222.238888888889 186.469973544974 195.392998866213 231.831812169312 199.632506613757 168.536186696901 214.355542328042 202.835889077853 210.990430996473 268.379506802721 162.16369047619 154.693381519274 189.978907627866 203.647340325019 145.778904478458 205.81270282187 270.993679610733 210.953986205593 206.392342214664 181.324065255732 224.925993008314 176.452163643235 263.182690696649 220.119113756614 219.785846560847 200.170063303099 272.359476568405 145.706064499874 233.073244205089 248.932277494331 183.888314436886 190.303637566138 155.440797430083 198.918392857143 186.383333333333 
203.722315129756 133.331152210884 223.456191421013 161.40385330058 196.895380605946 153.352141439909 178.586638321995 133.881164965986 157.059593726379 231.497244268078 142.742335600907 159.974371693122 187.91148478836 213.618944633409 165.060044091711 206.820517290249 179.394257054674 170.925423280423 163.782334656085 157.422162698413 136.405763416478 150.039840167549 170.688320578231 153.822789115646 126.283966364324 139.704751984127 165.945563114135 150.996192365835 135.423521352986 149.242506613757 148.564138321995 139.024480347695 149.868205782313 137.274560657596 152.559191232048 142.728834876543 193.988657407408 149.415650982615 165.062855725624 243.362873204837 143.61421957672 122.275651612497 170.228006109851 144.727529761905 138.801488095238 146.265119047619 205.48789399093 140.189761904762 188.909470899471 181.89524281935 177.211182917612 205.148980379189 132.522399533888 154.110394935752 135.490740740741 167.918024061476 131.026774691358 131.856173941799 233.069302721088 114.783570483749 154.286369047619 121.882696208113 197.320341710758 121.574900793651 170.124763007055 199.574379566641 178.781246220711 166.603385298564 136.061279761905 217.621067649282 156.336958144369 129.392561413454 208.304065098262 136.613888888889 158.284703325775 134.469834656085 130.509171390779 148.552242850844 166.298213340892 160.244482237339 
195.004497354497 255.249845679012 274.750194003527 337.294592151675 246.149944885361 248.104910714286 215.298148148148 228.406723985891 205.659398148148 259.156701940035 221.850606261023 259.609971340388 185.164058641975 211.451840828924 251.023730788612 229.841014739229 215.673148148148 242.238068783069 307.589295162509 321.26470143613 208.552105379189 256.879034391534 290.667842025699 256.294521604938 269.075568783069 232.458487654321 170.986451247166 278.018064373898 218.168636621315 253.917025699168 233.171825396825 281.775529100529 201.24813712522 239.310934744268 192.396514550265 276.773549382716 207.567630385488 213.551990740741 250.889742378433 202.303163580247 303.110477292769 259.449153439154 306.085339506173 200.767996031746 268.974992913832 213.42919973545 271.853419312169 258.188218065004 269.436838624339 206.617850529101 235.24251984127 236.102222222222 269.243765432099 211.890383597884 242.890432098765 166.228111615016 222.9241638322 241.766585097002 244.454876858151 197.790237622827 273.041164021164 256.989880952381 275.1225 283.285372574956 247.848681972789 247.22741622575 245.512873677249 286.968187830688 251.397184429327 226.031948853615 291.281979717813 234.820408950617 264.02046957672 207.60651297556 251.096494708995 224.307186948854 226.507830687831 212.421003401361 226.08869047619 166.171974993701 188.286072530864 233.537550390527 227.466036785084 259.70958994709 203.418353174603 
193.104382086168 183.966769967246 201.338577097506 216.957377173091 251.688083427816 204.93505983875 217.183954396573 240.518120748299 193.631212207105 172.518202160494 183.64128968254 236.733971088435 206.511943499622 216.14099127614 261.24212962963 187.644135487528 243.851747921391 211.570978206097 165.250544532628 264.323474426808 272.544678760393 183.134988662131 249.841006393298 280.747477324263 182.129290438398 158.949397360796 243.660515873016 229.331139770723 212.486016313933 174.860786407156 237.698763227513 204.753896919879 354.45605883094 225.014142416226 225.334568216175 176.068216805241 170.235755385487 239.002957294029 202.55429138322 297.836759259259 179.988344671202 209.545006613757 198.840883408919 215.19718159486 244.165141723356 252.277435122197 241.468800075586 218.182771164021 283.806085443437 273.089525699169 247.526798941799 182.966084183673 157.440337301587 197.841672335601 251.532866591081 162.881987276392 224.163436948854 198.463941798942 218.776124338624 232.3449324452 187.044112811791 216.392008219955 205.050006928697 260.745266439909 227.329682539683 254.477724867725 143.733600088183 187.677534643487 162.893650793651 191.374889770723 233.788816452507 183.958148148148 183.805876952633 209.609875913328 221.548771730915 219.34360670194 225.178220899471 191.39895313681 219.282577947846 179.188087049635 224.188369708995 190.674503968254 143.581342592593 228.683646069539 229.642394179894 211.116553287982 315.901020408163 249.120376039305 172.597767069791 180.388869992441 
647.885428949357 205.255236678005 284.541574074074 232.880897266314 223.772613378685 363.864900793651 273.227380952381 209.23371031746 290.684600970018 288.619472001764 239.871929327286 254.874867724868 332.185688303099 220.929297839506 236.543640873016 291.641429673721 238.518439153439 270.840638857395 335.222272612749 269.33386526833 284.863541666667 335.112406305115 239.176157407407 205.781587301587 214.419292328042 319.582303476946 178.403218694885 255.914395156211 185.719468852356 399.38926366843 226.277110890653 339.952325837742 293.643909989922 223.282184744268 255.942886904762 223.333267195767 207.2252069161 278.974798280423 263.286693121693 182.808267195767 200.37115457294 226.42266313933 211.066655643739 268.724448853616 269.826468726379 288.000750661376 336.37741622575 306.630038265306 236.622363473167 257.295534926934 223.502440003779 254.224391534391 217.518965734442 300.947637944067 265.753848576468 293.172510235576 301.259930713026 335.019211073318 220.501058201058 254.444750881834 341.904497354497 295.178210506425 281.237709435626 329.914246031746 226.375683421517 413.356332671958 228.583289241623 266.932841710758 332.3816638322 219.350806878307 228.397056878307 276.157853835979 234.525797902494 263.209110449735 300.96503968254 266.623481670446 246.909457671958 223.62232489292 252.87257149156 206.086860670194 223.319047619048 375.602996031746 280.758358371126 226.236772486773 272.264118795667 259.428492063492 212.470733812043 304.044830246914 227.497373393802 240.873017762661 219.323591269841 290.058854560343 315.791030643739 258.0762063807 253.457000818846 
209.424347442681 186.263941798942 318.174783635677 267.070029446964 233.181392668178 236.007980914588 206.820731135047 246.947611803981 240.674192176871 197.687841080877 219.835532407407 225.173088624339 213.395614134543 317.90917611489 214.686946963971 331.504474993701 277.929424130763 301.947558106576 262.978253968254 217.738520408163 288.247102072311 276.659288548753 271.93074452003 243.556944444444 266.437850844041 305.471752645503 223.422933673469 260.075898526077 254.714662698413 178.367066326531 260.133134920635 269.893570483749 215.460846560847 338.763628747795 175.858262786596 230.067936507936 187.5375 173.747696995465 205.843393801965 257.345451940035 237.775650352734 315.491077727387 231.478101851852 289.873363095238 271.523326719577 240.629591836735 222.637596529353 226.768673469388 236.041508408919 276.640853174603 214.890152116402 209.237254818594 216.098374905518 247.170412887377 200.729407911313 267.185535714286 318.065579648526 272.635998677249 333.723954711514 211.024010770975 276.016921296296 218.067959656085 259.790703420257 199.698645124717 239.060609567901 170.802921075838 185.35304122575 254.097612433862 357.103842592593 309.818704176115 284.442619047619 240.784226190476 337.484773242631 262.77001984127 210.357172619048 217.219976379441 265.669973702444 196.910971907281 246.475444853868 292.204246976568 235.275386747292 375.190346749811 221.631434240363 232.770970804989 249.252274659864 277.459143518518 244.155761526833 315.17125 269.114345710506 222.788732363316 235.339674036281 266.88751984127 278.207017668178 267.92867441421 311.094134700176 205.78505952381 249.713627645503 290.16817680776 274.239270124717 266.503512849584 
