6.15809523809524 14.5916666666667 8.61666666666667 3.8047619047619 14.3285714285714 
30.8209955278408 11.9888888888889 17.8339616402116 15.4748677248677 20.5701995149912 31.3436011904762 23.3588844797178 36.2746031746032 16.9705498866213 38.2184452947846 
78.4182404258 38.8593518518519 44.6117724867725 44.5930114638448 17.2281746031746 35.737996031746 52.7815192743764 45.2987150415722 29.9421626984127 18.1496031746032 91.6517857142857 31.2685185185185 22.8931849962207 41.7240740740741 35.3429988662132 
65.554693877551 41.2634920634921 55.339880952381 58.1333333333333 52.8201587301587 84.2781746031746 26.3857142857143 59.7239417989418 31.4260582010582 33.1264417989418 60.7677689594356 36.5689153439153 64.2663492063492 39.7368430335097 57.9888888888889 40.893253968254 42.0742063492063 44.8002330561854 45.0981481481481 26.7349206349206 
110.785438712522 54.3038492063492 48.4690873015873 55.6423611111111 38.7247486772487 36.6006834215168 71.7975198412698 38.805462962963 68.9339682539683 44.8102418745276 99.3837301587302 44.7581349206349 41.7270833333333 89.3878306878307 49.3764197530864 55.2816005291005 41.9386111111111 49.8755952380952 64.208132558579 54.1511904761905 49.6879582388511 48.8407142857143 46.5909126984127 33.6127865961199 42.6298299319728 
111.948412698413 88.2727678571429 103.053386243386 104.728670634921 57.2414021164021 152.965625 94.8420105820106 120.239074074074 82.1221759259259 83.7597033257748 86.7561243386243 123.214136904762 95.9106117724868 71.9365906084656 92.1166005291005 71.0815376984127 115.772976190476 130.276964285714 98.4719246031746 61.1391071428571 63.162323633157 99.4125 59.4008333333333 59.9212940917108 57.6859788359788 75.6176984126984 71.9174603174603 95.6941468253968 74.4175595238095 91.9156746031746 
185.169797965483 79.9314947089947 38.2401455026455 86.3459656084656 56.9197751322751 100.983938019652 69.9742063492064 66.6095219198791 67.5455467372134 90.620772707231 96.2083002645503 72.2099735449736 97.5776951058201 50.8007936507937 47.1126984126984 108.143022486772 130.710052910053 77.7719135802469 95.5747685185185 71.330753968254 105.236011904762 77.4186507936508 51.3965646258503 74.0590608465608 107.077380952381 71.1011904761905 84.5158994708995 80.6785052910053 57.2223214285714 67.6431878306878 116.148796296296 53.5710043461829 83.3450113378685 58.0323932350718 64.233544973545 
88.6544373582766 66.2921164021164 69.7160714285714 114.285350529101 50.6477513227513 87.1805757117662 57.0994223985891 85.1675793650794 68.8609259259259 72.454154069035 88.0142526455027 85.3678395061728 98.1163558201058 71.5998015873016 70.9958333333333 84.1727116402116 72.5890939153439 103.961845238095 99.8493279163517 100.258816137566 59.2915013227513 116.126637377173 72.9248743386243 86.0271351410935 82.4968287037037 84.2441282438901 65.0592757936508 78.0507416855631 54.8497485197783 63.4813142479214 71.8573115079365 65.1293934240363 78.188139329806 68.4018849206349 73.9401917989418 57.6878243890149 38.2628461199295 82.4135090702948 86.5761111111111 78.6660153691106 
117.71498015873 182.739153439153 63.6722222222222 98.5894671201814 112.578692680776 144.799880952381 142.210789871504 161.598974867725 106.468732048375 97.2227607709751 88.8309807256236 101.489424603175 94.1873015873016 114.888664021164 129.288095238095 105.688095238095 125.158790627362 170.966808390023 175.978799603175 133.377557319224 116.108425925926 111.818202003023 139.465476190476 96.6767526455026 125.99623015873 142.261507936508 133.09099537037 111.800255102041 149.376785714286 92.5987301587302 133.072037037037 167.043756613757 139.788458994709 112.970138888889 156.303709372638 157.034252645503 105.99880952381 205.911812641723 93.3924508692366 110.615386904762 138.196388888889 92.1085317460317 194.618260896951 113.861649659864 99.0917800453515 
102.567508818342 105.096891534392 168.240045351474 140.50246031746 177.604292328042 98.4827248677249 141.524801587302 114.720291005291 165.609365079365 109.692465356513 108.547354497354 137.696984126984 88.2002248677249 98.4013888888889 119.726554232804 133.786507936508 172.554034391534 147.789021164021 106.809445074326 149.785184240363 146.408732363316 132.003439153439 156.925068027211 184.580202821869 188.752409297052 109.983994708995 91.0565079365079 120.953765432099 99.3580687830688 194.54914021164 112.739682539683 110.512775573192 120.7497930839 146.023842592593 88.2925718065004 145.577551020408 121.450799949609 115.805357142857 103.438447971781 112.418633786848 165.017513227513 109.842394179894 165.224082892416 128.160219828672 128.52585978836 86.6193915343915 108.317968631897 170.133333333333 167.647235449735 110.02164021164 
118.402479056437 124.767791005291 78.3525085034014 180.413572373394 172.478073034769 107.559942680776 105.131131897203 162.728220269589 126.687549603175 135.139088876291 176.335937893676 147.458615205341 110.373752834467 152.318010204082 182.59457010582 123.089509164777 115.128747795414 168.788936130008 102.799966931217 108.057649911817 190.174055177627 139.849560657596 160.072312452759 121.327144746788 166.26028675359 115.041258818342 104.278747795414 95.4707955404384 89.5171957671958 113.518388762913 83.3574294532628 108.530073696145 126.616028911565 112.198274124465 122.206611237087 96.5862764550265 114.227755102041 107.291110008818 148.71291005291 150.830749559083 172.768424036281 151.231084656085 106.842195767196 156.500225182666 89.4547532438902 107.009559397833 118.456815003779 90.1000614134543 129.397382054674 97.6617331191736 144.524329176115 101.066805555556 140.662023809524 138.102721088435 114.771858465608 
156.637354024943 104.165731922399 100.918864638448 105.345727513228 97.1662728332074 106.194963781809 93.5215372260015 92.9134656084656 81.8563580246914 112.459969450743 167.610145502646 143.928313177123 122.142644242882 115.432407407407 125.858840388007 153.907595899471 114.682495590829 112.053589380197 96.4155738221214 120.525119047619 107.429111552028 75.5370976631393 91.2292876039305 102.313384983623 103.732510550517 96.0775963718821 91.8099801587302 97.0373611111111 135.473055555556 129.487878401361 95.3290536029227 102.983187830688 122.481437389771 94.4431878306878 125.068579144621 129.404925673973 110.321204176115 105.466001511716 116.498245779793 75.8806746031746 99.4163293650794 59.6438756613757 106.523707010582 99.0217876039305 103.723988095238 78.2219765684051 123.414679232804 110.119416099773 121.489321617536 144.19085978836 144.18621031746 136.912673217435 88.7716446208113 123.422164115646 142.114598765432 138.219808201058 126.875513983371 130.466329365079 122.577479213908 109.277735890653 
285.618822278912 172.722023809524 153.714589474679 147.43204617032 127.215274943311 161.542444885362 225.571071428571 135.985965608466 167.564841269841 150.403665910809 149.204216269841 110.01155643739 170.630568153187 154.604246031746 145.441391093474 159.159656084656 139.714252645503 145.688862433862 120.917533068783 136.117917768959 167.304087301587 130.52931547619 182.446017573696 175.858267195767 143.555459656085 136.58326829806 156.560830026455 142.519987717309 167.331150793651 153.459702380952 163.545271164021 133.662253873772 134.705797272613 100.374642857143 173.168766534392 90.4415343915344 118.128174603175 193.397857142857 146.302037037037 135.140558862434 124.407625661376 153.398107835727 125.733337112623 162.271040564374 146.980478395062 154.645446428571 180.892915721844 125.143854875283 182.478999118166 164.334038800705 196.85 92.1922067901235 192.529603174603 193.104861111111 170.863988095238 147.482416855631 197.474669312169 169.524338624339 146.313888888889 138.775661375661 133.051851851852 132.180191798942 105.267853835979 122.135073696145 144.761931216931 
131.666942239859 147.871114417989 184.18785446586 138.616418650794 125.073041068279 183.60510361552 163.628127362056 156.724662226001 175.399097537163 139.447545823885 158.961706349206 210.645768613001 193.401725088183 145.319229497354 206.909768675989 177.025394620811 183.589930555556 180.6923170194 170.443307508188 129.566595017637 222.467183956916 175.178326719577 140.536141817838 157.238293650794 182.577972883598 132.014525856639 172.80419973545 151.984615929705 206.784501763668 142.426665249433 161.821549823633 100.525025195263 163.059209656085 120.688326719577 238.04979686319 173.172926587302 154.268670634921 223.52235685941 184.323473324515 177.657517636684 193.501302910053 219.058564814815 136.583819444444 178.18139329806 124.388816137566 123.203952191988 149.218419312169 144.315908446712 176.001388888889 201.88425154321 190.640922619048 107.452860449735 146.236409517511 168.814368386243 184.950084876543 158.979881582263 204.307801083396 186.946965230537 207.976861300076 147.655317460317 170.206636904762 122.167309145881 170.948230820106 217.304133597884 211.388117283951 205.937482993197 147.715641534392 221.458283730159 182.796028439153 188.334689153439 
394.054270439657 173.700122511968 159.865383597884 166.804264298312 221.879012345679 151.546902557319 178.042303634417 187.22107898715 170.626636904762 172.76677138448 118.730777588813 233.640685626102 211.194979213908 188.689636558327 224.487764550265 219.738069885362 216.527380952381 134.319691358025 182.225653502142 215.611111111111 171.795403439153 214.233623078861 147.880400604686 198.002772266314 171.37392526455 204.93073633157 210.105949231544 154.306319916856 157.606530297304 280.431012219703 156.396272045855 136.720634920635 183.222535588309 177.571005291005 245.403635046611 132.88585600907 208.403477733686 177.811977513228 218.331988536155 159.572771793903 182.462860607206 168.983924792139 166.589257054674 220.19032249937 180.569699074074 183.285704837491 188.118571428571 151.619042579995 189.577557319224 243.511354875283 231.882381424792 151.355346119929 204.957297178131 219.323227513228 122.450680272109 150.408479780801 181.122923280423 216.668290186445 203.382248677249 164.022238284203 191.137681878307 174.478875661376 242.947893046107 210.737433862434 223.483201058201 181.426590608466 178.948214285714 129.681949168556 169.100892857143 133.473670792391 166.693055555556 185.789454994961 223.080970332577 187.929332010582 131.444130291005 
197.940194160998 274.036805555556 152.507950680272 157.755648148148 215.051973104056 177.814029509952 223.410827664399 152.104098639456 120.044050925926 240.616489984883 214.702298280423 150.420412257496 187.969488536155 169.225410997732 178.991234410431 185.175320767196 223.905097316704 220.1871537226 178.50133377425 308.557402683296 152.796064814815 177.803494268078 164.063700711766 197.677305366591 168.589883471907 195.468067050894 189.353106575964 181.784931657848 260.798572530864 146.096313303099 204.214063681028 211.608187830688 164.186269053918 270.927919501134 207.141825396825 186.035317460317 166.808262471655 217.168169091711 160.151041666667 156.459173280423 175.42314484127 137.787794784581 264.061473450491 188.412422839506 226.215654761905 254.92610670194 185.625273526077 261.696807760141 163.024437830688 186.047887534643 231.839740803729 273.983115079365 183.837329931973 204.101252676997 200.541458333333 133.154754818594 216.930476190476 145.342545823885 202.768928571429 247.449588057445 201.909093915344 156.22498015873 175.650679799698 162.938879440665 217.845537131519 152.037533068783 146.581471560847 141.478505291005 209.185507369614 181.146604938272 202.970079365079 181.284344293273 192.746911375661 150.246221182918 135.467243008314 168.087951940035 186.547046957672 219.691969009826 176.848039965986 139.180161564626 
163.888245149912 224.52153659612 159.977599206349 206.387394179894 162.134801587302 291.614358465608 166.658015873016 143.984621126228 155.302156084656 185.991520376669 152.068952506929 161.998790627362 158.663978174603 269.078237433862 221.220292422525 215.282334656085 129.617894620811 149.433633156966 162.76171579743 143.516060405644 192.336944444444 156.641646825397 209.081360544218 172.006693121693 196.970272896196 266.879396101033 208.007082231041 253.987147266314 171.733961640212 195.355310846561 213.235375881834 120.732841080877 189.697727702192 165.260320294785 240.635718694885 295.624728835979 201.306646825397 197.900085978836 167.690855064248 199.812962962963 152.027438586546 214.237871472663 157.908576940035 146.043059964727 134.347136243386 156.20848324515 174.237482363316 257.020281557067 170.587167107584 216.493647959184 157.718509700176 157.073900069287 170.802678571429 157.820156840514 175.588624338624 156.877407092467 203.474484126984 208.696031746032 263.130998677249 159.957321428571 143.770619488536 146.180595238095 155.807266313933 145.580152116402 166.959438145629 160.274950396825 213.320197940287 191.185506424792 162.62384542706 144.571428571429 115.716836104812 190.415670194004 158.509514991182 156.897474804737 196.53664021164 208.136441326531 172.130783257748 163.350591458806 201.37096340388 162.198407974301 148.922407407407 188.546378968254 175.372533068783 138.915641534392 182.174074074074 
209.950476347947 238.191951058201 209.686915784832 216.707059082892 222.951104024943 166.866820357773 241.520866402116 201.345131645251 252.525451940035 216.68004377677 241.394884259259 249.888288926682 237.106624779541 238.178548595364 231.504021164021 228.359443499622 207.793513794407 243.137396856891 245.387609126984 176.230372260015 203.058877708491 210.886050485009 234.028243102797 237.265480914588 243.265244708995 228.090229276896 248.546247165533 281.772936822877 242.600173217435 164.353144368859 245.486695326279 244.083553791887 241.140029761905 302.166354875283 209.708207671958 249.569086199295 170.134902210884 217.228429705215 232.615935216679 231.31681941295 261.86871819098 162.904695767196 215.336635487528 289.695554610733 189.461841773747 169.821330939783 276.927364417989 313.576959561602 239.690395250693 261.92380952381 152.009147455278 245.898759133283 257.282820767196 208.722944223986 157.130736016629 280.610892857143 247.216804295792 267.97253968254 205.610624685059 177.90593568909 223.811363378685 244.9802069161 235.222235449735 272.623035556815 235.421273620559 229.355575869237 232.750718065004 240.467494173595 175.838951719577 333.500099206349 215.953732993197 196.700163769211 242.884248236332 245.308343726379 242.855638227513 257.418860544218 199.846911218191 233.614332955404 234.09041005291 152.64708994709 187.625538548753 211.384637188209 185.468624338624 217.00498787478 228.352791005291 218.11183531746 217.118806689342 225.623544973545 282.870288643235 247.204147770219 
256.638134448224 283.509182098765 199.578788737717 267.8754180839 235.381062610229 208.176100718065 250.581276769967 233.048235544218 253.095228647014 276.350815381708 203.394894809776 246.825787351978 215.473795351474 302.214087301587 332.145097946586 263.226733591585 210.770993165785 228.228587962963 324.14905234316 179.136907911313 275.441137566138 251.462264109347 255.586198507181 261.108060909549 198.021714695137 236.043683390023 234.924026832955 245.307736678005 296.803521825397 249.467080026455 239.127489606954 198.726018675989 228.084339569161 206.121068121693 299.212598104056 209.432273400101 276.640988756614 190.478039651046 226.667117031998 313.02111048123 180.368317901235 213.271673280423 245.926518801965 232.763131141345 203.268422933988 285.719200837743 245.085228489544 279.244075963719 249.703558043588 249.9019664903 285.734253747795 192.240176366843 318.13752787226 166.771612811791 242.342025699169 341.137400793651 247.639411690602 195.683539462081 228.607534171076 196.564003842278 266.643912666919 176.174813397581 209.423153659612 222.217808327035 204.205095899471 192.37321271101 206.697119708995 274.710896164021 211.930639172336 260.308739292013 181.459978269085 217.799548847317 335.712816515495 325.440294312169 222.063245622323 196.625393833459 294.023920540438 236.059705687831 184.420466269841 259.745153061224 227.829282249937 253.943738662132 240.080178571429 233.908305933485 239.650587207105 269.280583112875 343.821511558327 202.98060515873 218.891553287982 210.170122354497 209.622968631897 210.191555650038 210.569610733182 270.550961829176 246.344812610229 
234.813825113379 262.269585537919 270.082823601663 199.249384920635 258.597589443185 249.13721340388 256.359358465608 315.997156084656 276.850793650794 206.46121031746 256.325627362056 364.250507054674 348.385399817334 220.075349269337 232.318464506173 250.650877267574 193.031861300076 286.187913359788 279.434006046863 266.924348072562 222.728030990174 218.631913580247 298.256349206349 259.422224426808 291.485673658352 295.106642101285 283.951364638448 286.338042328042 238.815835222978 239.089021164021 212.749152651801 297.78028281683 385.055428004535 223.744999055178 233.822177028219 305.36344749937 339.379993386243 269.963038548753 188.12295382968 267.81908824641 208.094209498614 419.463536942555 266.086975623583 313.416090325019 243.505026455026 202.213082010582 223.756263227513 285.735971749811 300.325763101537 196.101162918871 230.628240740741 261.548784958428 212.498193972033 225.068650793651 261.923346560847 228.800582010582 295.857619047619 270.076369992441 269.552773053666 236.108652683296 317.558862433862 230.128130511464 284.786474867725 247.578075396825 237.070066137566 209.508234126984 297.385684051398 304.590833333333 216.753888573948 212.818810468632 259.990958837239 270.939071869489 257.236641156463 234.972319538927 287.881931216931 229.354475308642 303.383123897707 216.757354497354 196.486402116402 283.027267573696 242.06840750189 234.587672902494 250.305702003023 186.635480914588 348.05917579995 334.167923280423 216.029599395314 230.883746693122 172.181424792139 262.67066877677 248.053640873016 278.689859221466 299.883173973293 294.995128968254 315.623887471655 265.58955026455 269.778004062736 243.874591836735 200.780424225246 229.054516250945 
