6.6596661e+18 -2.5620265e+18 -1.9936121e+18 -3.4126749e+18 -9.1092823e+18 
2.4657494e+19 1.0143727e+18 3.0869168e+18 -4.1043659e+18 7.6650947e+18 5.5174203e+18 1.2726483e+18 -6.5050362e+18 6.3014015e+17 1.9648348e+18 
2.1660889e+19 -5.0323135e+18 9.6572734e+18 5.8306794e+18 3.5223014e+18 -4.7635445e+18 -3.9219327e+18 -3.1210234e+18 4.2714663e+18 6.545816e+18 1.5764858e+19 5.3115334e+18 3.0675118e+18 -3.4464948e+18 -1.011968e+18 
2.5778189e+19 1.1162716e+19 -2.6178162e+18 -4.6449199e+18 5.6589076e+18 5.37552e+18 5.173708e+18 3.8400488e+18 4.7783165e+18 -2.9748876e+18 -1.1654265e+19 -7.3209965e+18 7.3928124e+17 -1.5362074e+18 2.4001877e+18 -2.5914007e+18 2.7506356e+18 -7.3721776e+18 -5.7814718e+18 -1.6971726e+18 
5.1727096e+19 -8.19299e+18 -9.5094232e+17 8.7105703e+17 -1.1326453e+18 8.4844507e+18 3.2337588e+18 4.1336648e+17 6.7664461e+17 -4.1984711e+18 -5.0625606e+18 1.5663579e+19 -1.197512e+19 -1.2329765e+19 -5.7647054e+18 6.0809018e+18 5.0246076e+18 -6.811435e+18 1.520932e+19 1.1857792e+19 -1.30685e+18 1.4576113e+19 5.3175307e+18 5.24624e+18 9.3163852e+18 
5.4172331e+19 -2.1925115e+18 -5.1500664e+17 5.4735959e+18 -3.5328249e+18 -1.2391211e+19 1.0335291e+19 -3.0346444e+18 1.2156612e+19 -1.8327064e+19 1.7218601e+19 2.82547e+15 -1.564605e+19 4.9385846e+18 -2.3601654e+17 -2.1152612e+18 1.0096351e+19 1.8064498e+19 1.7200319e+19 4.7722768e+18 -5.7149756e+18 -1.0134902e+18 8.3754452e+18 -1.4842315e+19 3.0221875e+18 -7.5103615e+18 -8.3081724e+17 -5.7314441e+18 5.2804552e+18 2.0596321e+18 
4.7627994e+19 7.5126908e+18 -1.8976249e+18 -3.4803639e+18 -1.3929154e+19 -5.2721539e+18 -7.7482233e+18 7.6253187e+18 9.1347723e+18 -3.5853788e+18 -1.4824284e+19 -2.3118685e+17 -2.051739e+18 1.8254173e+19 2.1950444e+18 -2.5456268e+17 -1.0597867e+19 -1.0483132e+19 -9.1113264e+17 3.0354927e+18 -1.3405921e+19 7.6448934e+18 -2.4891375e+19 -1.1757331e+19 3.054274e+18 3.7957022e+18 1.3364976e+18 -4.3132808e+18 9.1580479e+18 -6.4412019e+18 5.0225427e+18 1.2754076e+19 6.86104e+18 -2.274131e+18 -3.5578379e+18 
6.4789497e+19 9.2065786e+18 9.978035e+18 1.6831294e+18 1.2011008e+19 -4.1963329e+18 2.8397829e+17 8.2130352e+18 -9.5134034e+18 -6.1684252e+18 1.3042353e+19 -4.9731966e+18 7.1835982e+18 2.6994548e+19 -1.5696096e+19 6.9903548e+17 -3.6225937e+18 -4.6422618e+17 -4.9248478e+18 6.8503698e+18 2.2929886e+17 1.1262928e+19 1.5085285e+19 -1.2146287e+19 4.1217574e+17 5.7463138e+18 -9.2043197e+18 -5.6134923e+18 1.4450824e+19 -3.6150557e+18 -1.948069e+19 8.0939465e+18 1.5032089e+19 -8.659675e+18 -5.780615e+17 -1.1577641e+19 2.1051703e+19 -1.086155e+18 1.415048e+18 1.4555902e+19 
9.4069096e+19 8.0370881e+18 -1.5535158e+19 -5.1805206e+18 -7.3077765e+18 -4.7887635e+17 5.3898203e+18 -1.7909693e+19 -8.0514075e+16 1.0694207e+18 7.4440604e+18 1.9384753e+19 -3.3886462e+18 1.4742339e+19 -9.0055973e+18 -2.1708406e+19 -1.4885984e+19 1.5329622e+19 7.6356514e+18 1.6355185e+19 8.0020477e+18 5.6335281e+18 1.6264886e+18 2.1817526e+19 -6.1325591e+18 -8.3029148e+18 1.8068451e+19 7.252925e+17 7.1188392e+18 -4.2009195e+18 1.2061049e+19 2.4873812e+18 -2.5998568e+18 1.0027431e+18 -2.9542798e+19 -1.0755542e+18 -9.9721658e+18 9.4448357e+18 7.2860831e+18 -2.1998697e+18 8.9182806e+18 1.5782811e+19 -1.8396017e+19 -1.8437793e+17 -6.9712666e+18 
7.0143494e+19 8.3562532e+18 -2.7365099e+17 1.3475815e+19 7.9089411e+18 -7.28889e+17 -1.8306815e+18 7.5102928e+18 -1.950076e+19 3.1606055e+19 -2.7758471e+18 -8.6831424e+18 -2.8632011e+18 -8.3914997e+18 5.9999728e+18 4.5986359e+18 -8.8079414e+18 3.0265133e+19 -2.8804681e+18 6.3562894e+18 1.1304508e+19 2.7658594e+18 1.5982141e+19 7.7202665e+18 1.2850363e+19 -5.2493659e+18 -6.8116999e+18 5.9263605e+18 1.3269925e+18 -1.1676984e+18 -4.4127563e+18 4.4781198e+18 -5.9002955e+18 -6.0387482e+18 7.4469758e+18 -4.4381908e+18 1.2728659e+19 1.7434961e+19 -8.8582611e+18 -1.3139743e+19 4.5040779e+17 -2.1091494e+19 -1.80229e+19 -5.5041162e+18 1.591836e+18 -4.5006265e+18 -2.1853314e+18 -9.7729453e+18 1.5541612e+18 9.1504887e+18 
9.2177865e+19 3.5289942e+18 -1.6961461e+19 -2.6409486e+19 4.3488796e+18 -5.3060221e+18 1.7212841e+18 -6.9403637e+18 2.0362605e+18 2.5869414e+18 -8.9206028e+18 -1.3803691e+19 1.127175e+19 1.3620126e+19 -6.9883112e+18 -2.8166783e+19 -1.061202e+19 -1.4935557e+18 1.0552952e+18 7.6394249e+18 1.1982087e+19 7.672369e+18 1.6324474e+19 2.5255896e+19 -8.0363734e+18 -5.2323691e+18 -5.9146771e+17 -1.699991e+19 7.7678396e+18 2.3943141e+18 -1.4725669e+19 2.2153888e+19 1.4481606e+19 2.6850866e+18 7.4575514e+18 -6.7578739e+18 1.4522482e+19 1.7990336e+18 1.0047857e+19 5.2971996e+18 -1.4308948e+19 1.0608023e+19 -2.0082989e+18 1.5771183e+19 -7.406152e+18 -3.3638981e+18 -1.2103807e+19 9.2234996e+18 2.6234858e+19 -1.4424426e+19 -1.937458e+18 2.9809602e+17 5.7747868e+18 5.221667e+18 -2.9512459e+17 
9.2116741e+19 -1.1527851e+19 3.2095624e+18 -9.8893044e+18 -3.7157355e+18 8.3085657e+18 2.0272119e+18 3.1605176e+18 3.5111087e+18 -1.0144392e+19 7.3060063e+18 -7.3705141e+18 -6.2559413e+18 -1.5385398e+19 1.6884828e+19 1.1464671e+18 1.7310849e+19 1.7318952e+19 -1.1383073e+19 2.000714e+19 -3.3989131e+18 -1.4684637e+19 1.624161e+19 1.4552549e+18 -3.4807743e+18 1.1667889e+19 1.1054652e+18 3.1721727e+18 1.6721279e+19 2.0094338e+19 1.1655092e+19 5.6089486e+18 -4.4948571e+18 2.3658469e+19 7.1812227e+18 -4.8044143e+17 -1.2323879e+19 -1.4577193e+19 1.5232912e+19 2.869012e+18 -1.7776941e+19 9.5693774e+18 -1.4305054e+19 8.6766399e+18 -1.8701431e+18 -1.5098852e+19 1.4825585e+19 3.4960032e+19 -1.4124642e+19 -5.8793416e+18 7.8175332e+18 -1.7988957e+19 -4.4239381e+18 -5.7459125e+18 4.2103398e+18 -1.7924933e+19 -7.6401995e+18 -2.9306526e+18 -8.2467655e+18 3.1611863e+19 
8.7812311e+19 2.3014697e+18 6.958891e+18 -5.2299491e+18 7.0574815e+18 -5.2467887e+18 -1.8049922e+19 -1.0098944e+19 -4.8249017e+18 2.2447687e+19 6.238591e+18 7.4009007e+18 1.8727469e+19 -1.7262035e+19 1.1409742e+19 -4.9919692e+18 -1.8979789e+18 2.590528e+18 6.5186801e+18 3.312767e+18 6.3269412e+18 -1.3664961e+19 2.2848741e+18 1.161166e+19 -4.830883e+18 2.0168735e+19 -5.1981248e+18 7.6664366e+18 -2.8960813e+19 -1.5946401e+19 -1.7995235e+19 -2.2112794e+18 -3.5535597e+16 5.7223038e+18 -3.4122332e+18 2.3579519e+19 -2.3195957e+18 -1.6096045e+19 -1.5077575e+19 -2.5575052e+19 -8.2240913e+18 -1.0374955e+18 4.9463901e+17 1.3111033e+19 8.1992589e+18 8.8642935e+18 -6.3636495e+18 4.1523466e+18 1.191978e+19 1.3433665e+18 -1.7369623e+18 3.4830054e+18 -1.9844316e+18 -4.8730405e+18 -1.9814057e+19 3.1163994e+17 8.0940384e+18 2.5463231e+19 -1.0503738e+19 -3.8897783e+18 -1.5808048e+18 -3.9841032e+18 5.330025e+18 3.346874e+19 -1.0328449e+19 
9.3783372e+19 -1.9315642e+19 -2.2879357e+19 -2.16335e+19 5.8764345e+18 5.5734888e+18 1.9476839e+19 -2.0095064e+19 -4.3851498e+18 -6.4555478e+18 -1.9330221e+19 -5.3082877e+18 1.4947703e+19 -5.4053207e+18 1.0513183e+19 2.1392982e+19 -1.0968343e+19 1.5716175e+19 1.0913657e+19 -2.7383016e+19 -2.1187278e+18 6.3712345e+18 2.6189204e+19 1.1652177e+19 1.8209035e+19 -2.3045799e+18 1.4081425e+19 -4.8387236e+18 -2.7938123e+18 -6.7763005e+17 -1.1489618e+19 1.5401111e+19 5.1274768e+18 -1.3977099e+18 1.6092031e+19 -2.5104102e+18 -8.7246424e+18 1.4572178e+19 -7.2656278e+18 7.9001719e+18 1.6347732e+19 5.8335117e+18 -1.9412533e+19 5.084338e+18 2.3315518e+18 1.9364647e+18 1.5068743e+19 -1.2518377e+18 3.5073643e+18 9.0107424e+18 -3.8143716e+18 2.7197764e+18 3.4741387e+18 7.2814179e+18 7.3052773e+18 -5.9543882e+18 -2.0456667e+18 1.7269625e+18 -1.1290993e+19 1.9723441e+18 -1.3855019e+19 -2.2983809e+18 -7.2404545e+17 4.2464178e+18 -2.5755584e+18 3.3479695e+18 7.6455877e+18 -1.6777046e+19 9.0398229e+18 -3.5453785e+18 
8.2382149e+19 5.6198436e+18 -9.7242491e+18 2.5299991e+19 1.6745961e+19 -1.9686688e+19 1.2377551e+19 -1.3967105e+17 -2.2660962e+17 -1.6083578e+19 1.4706015e+19 8.9738126e+18 2.0789652e+19 -1.3265005e+19 4.3901976e+18 -7.1048792e+18 -1.3338211e+19 -7.7076062e+18 1.2874604e+19 5.5510967e+18 1.0455186e+19 -2.8746949e+18 5.1775522e+17 -1.4913556e+18 3.9289894e+18 3.0127449e+18 6.8682687e+18 1.6169928e+18 1.5410645e+19 1.02092e+18 4.3690364e+18 1.8150191e+18 8.8370795e+18 7.9068833e+18 -6.2076618e+18 -8.8304561e+18 5.351217e+18 1.2765724e+19 -1.7244048e+18 -4.1693245e+18 -1.1982302e+19 -1.6286231e+19 8.5668982e+18 -9.226235e+17 1.0552317e+19 -1.2662987e+18 -2.4116316e+19 -1.2313655e+19 -3.8908509e+18 -2.0493524e+18 9.4895005e+15 -9.4379714e+18 -2.6086059e+18 -1.3976155e+19 -8.6689634e+17 6.6905272e+18 8.7856607e+17 -2.3393513e+19 -5.329467e+18 7.0392356e+18 8.2213393e+18 -9.153762e+18 1.2815726e+19 -2.5688514e+18 2.5235333e+19 3.8280435e+18 -9.5758722e+18 1.1302991e+19 -4.043849e+18 1.3306481e+19 2.4716327e+19 -2.032135e+19 -3.4054632e+18 1.2504327e+19 -6.7775095e+18 
1.3404321e+20 -1.4817137e+19 -4.2018404e+19 -6.7763609e+17 -1.4030995e+19 7.5830552e+18 3.5401939e+19 9.6607314e+18 -2.5530446e+18 -2.2250196e+18 -1.0233894e+19 1.9642931e+18 -2.1712564e+19 5.3504534e+18 2.2175837e+19 -1.0245199e+19 1.4433998e+19 3.4757272e+18 -6.6425126e+18 -8.3885766e+18 7.9655852e+18 1.0090692e+19 -1.9812571e+19 4.1251362e+18 1.9244556e+19 1.8451076e+19 1.4346243e+19 2.6447037e+19 -1.5383023e+19 1.534889e+19 1.4438699e+19 -8.6748895e+18 9.6478132e+18 -1.9276444e+19 7.8934858e+18 2.6905775e+19 -1.7556277e+19 6.4070923e+18 3.3654424e+19 8.6897417e+18 3.301859e+18 3.0417203e+18 -1.5015074e+19 -2.5177668e+19 1.7771151e+18 -8.3695045e+17 5.7801442e+18 1.4205562e+19 1.4565652e+19 1.162378e+19 -2.061022e+19 9.961627e+18 -3.480216e+18 1.578311e+18 6.4216273e+18 -1.4867505e+19 -1.4177347e+19 2.0411299e+19 -1.8874687e+19 1.2157726e+18 -2.5427772e+19 -1.1626542e+19 -9.8343179e+18 -1.7226488e+19 -3.020349e+19 -5.5299838e+18 -1.0374825e+19 -1.5034653e+19 1.50658e+18 1.6282093e+19 3.7650703e+18 2.3553885e+19 2.8728363e+19 8.6905954e+18 -2.6759668e+19 -1.2023836e+19 1.2270927e+19 -1.5596443e+19 6.9366787e+18 -5.0832506e+18 
1.0740644e+20 -1.9746769e+19 -1.8651537e+19 8.3967207e+18 6.1525971e+18 -1.5692506e+19 -7.3364331e+18 -1.934238e+19 2.2193824e+18 -1.5030917e+19 -1.482562e+18 9.4935374e+18 -2.6524836e+19 -1.6224662e+19 -1.6182963e+19 1.0834557e+18 1.5321346e+19 -6.231685e+18 6.2198851e+18 8.23164e+18 -1.0050812e+18 5.3829115e+18 -9.0305215e+18 3.1942745e+18 -1.0494774e+18 -1.5123653e+19 -1.2549455e+19 4.1778407e+18 1.7337348e+19 -2.5420927e+19 2.3218243e+17 6.6207598e+18 -2.4867723e+19 -1.2394594e+18 -1.4665859e+18 2.0906756e+18 1.0613812e+19 -1.1912338e+19 -5.4954108e+18 -2.9220657e+18 -1.7443768e+19 -1.2381063e+18 1.7345006e+19 -2.1315025e+18 5.2952771e+18 4.0326859e+18 7.7792595e+15 -8.984701e+18 -3.638113e+18 1.6119272e+18 -1.3332282e+19 -1.4771268e+19 -8.5987604e+18 -2.3085845e+19 -1.9608092e+19 1.3602972e+19 -8.9795754e+17 -4.4175664e+18 -1.1314376e+19 2.0615654e+19 1.1672941e+19 1.9288093e+17 5.4155665e+18 -1.9666307e+19 2.5964617e+19 8.7895119e+18 1.4986124e+19 -1.2442745e+19 -4.7500013e+18 -2.942369e+18 -4.5352056e+18 1.3269838e+19 2.1702284e+17 2.7541202e+18 -6.9924344e+18 1.2188955e+19 -5.4666245e+18 7.1245319e+18 -1.6863579e+19 -1.3898889e+19 -1.2233144e+19 -1.476998e+19 6.2218444e+18 1.6990588e+18 1.5181699e+19 
1.3231394e+20 -1.1864254e+19 1.9563707e+18 1.2804665e+19 -1.9850922e+19 1.7001597e+19 -5.3026565e+18 3.8224351e+18 2.4221878e+18 -2.3026476e+19 -2.5441103e+19 3.8443627e+18 -5.1512081e+18 2.4395705e+19 -1.2783502e+19 -7.1253219e+18 -1.0124556e+19 1.0523769e+19 1.8320788e+19 -1.6817327e+19 1.6740072e+19 -5.9827924e+18 -8.3270414e+16 1.1511247e+19 -7.1894509e+18 1.0511012e+18 4.8301755e+18 7.4728792e+18 1.5132282e+19 7.1068497e+16 1.6130433e+19 1.1384767e+19 -2.0692815e+19 1.7797648e+19 9.8435175e+18 -4.3603836e+18 -4.9680093e+17 -1.5539862e+19 2.2158478e+19 6.7394444e+18 -1.4097052e+19 2.5173132e+19 2.3874149e+19 9.5102654e+18 1.4539305e+19 -2.0037364e+18 -3.5708501e+18 -3.5979474e+17 2.5244259e+19 -6.4722004e+18 1.0387172e+19 -3.1768764e+18 -1.6735312e+19 -6.3852956e+18 6.2430809e+18 -6.0376921e+18 1.223328e+19 -1.5084068e+19 1.9183854e+19 1.4858854e+19 -8.0478633e+18 1.3697561e+19 4.1544467e+18 1.2997899e+18 -8.8717405e+18 -1.1082612e+19 1.1228613e+19 -1.5650303e+18 -6.7264279e+18 6.8646733e+18 6.7249457e+18 1.5214129e+19 -5.4328277e+18 -1.6655995e+19 1.5071737e+19 3.5563855e+19 -7.8476234e+16 -9.5519292e+18 -1.7654043e+18 7.2634783e+18 -2.1988429e+19 5.4302933e+18 3.4371385e+18 -3.5721412e+18 -1.2233479e+19 1.9838042e+19 -1.9561116e+18 -4.6956046e+18 1.3297003e+19 6.8502289e+17 
4.2071163e+19 1.0687051e+19 3.5485581e+18 -1.6231261e+19 -1.2841378e+18 1.5783874e+19 2.2724944e+18 1.7096291e+19 -7.0135076e+18 2.6763103e+17 -2.0216725e+19 1.6735246e+18 -5.769496e+18 3.2235523e+18 1.6609804e+18 -1.3763571e+18 -1.9256649e+18 -9.0223241e+18 1.469054e+19 -9.5897403e+18 -4.530323e+18 1.5950703e+19 1.008533e+19 -1.2301837e+19 -8.13585e+18 2.7038987e+18 5.8070294e+18 -1.8331942e+19 1.0642622e+19 -7.9422304e+18 -9.27623e+18 -5.3518492e+18 6.6693824e+18 1.5608845e+19 6.6070957e+18 -6.5638942e+18 -2.7456581e+18 -1.3470779e+18 3.7219887e+18 1.3375055e+19 -7.3345045e+18 8.0775913e+18 -1.0830113e+19 4.3937166e+18 -6.6652136e+18 -4.064315e+18 -5.0187582e+18 -2.45742e+18 7.2077385e+18 1.723128e+19 9.5959075e+18 -1.1679081e+19 -9.9444571e+18 -5.856585e+18 -9.1558543e+18 -8.0977206e+18 -4.7437956e+18 -2.3381807e+18 -6.0026298e+18 -1.9131494e+19 -1.4050426e+19 1.4090953e+19 5.2517744e+18 7.851187e+18 -5.897727e+18 1.1283382e+19 9.2557812e+18 1.8656545e+18 -4.434818e+18 1.9555127e+19 -4.8513993e+18 -8.5765519e+18 1.5946316e+19 1.378494e+19 3.1333745e+18 -9.5868992e+18 -2.430021e+18 7.6753168e+18 -1.1405375e+19 8.8772309e+18 -2.408074e+18 -2.5272275e+19 7.8680585e+17 3.3041336e+18 7.8930487e+18 -5.0202992e+18 1.1400994e+19 1.8619275e+19 5.0629322e+17 -5.4764266e+18 4.9692637e+18 -1.4840663e+19 3.1353193e+17 -2.603207e+18 1.1553921e+19 
5.5758648e+18 2.6262649e+19 1.1097873e+19 2.5776585e+18 1.3366037e+19 -1.9309595e+19 1.7667264e+19 -4.137556e+18 2.530588e+19 -1.6427383e+19 3.2984386e+19 -4.2054165e+18 -8.7239766e+18 1.4797345e+19 -2.9909498e+19 1.6774741e+19 2.2273146e+19 2.3217184e+19 3.4164699e+17 -1.8070927e+19 2.6337586e+18 -2.6218651e+19 2.1226019e+19 4.4584636e+18 -1.2135058e+19 6.6431756e+18 -7.9964485e+17 -3.1484311e+19 5.8082054e+18 1.3975689e+19 9.5662013e+17 2.9002222e+18 5.9651194e+18 2.9087928e+19 -6.2100862e+18 2.67452e+18 1.5370396e+19 1.0071987e+18 3.2817552e+18 -1.9473431e+19 4.7712307e+18 1.7691462e+19 1.9607738e+19 3.9735674e+18 -1.3283403e+18 2.7637388e+19 2.0647907e+19 1.7776173e+18 -7.8530756e+17 4.178424e+18 1.1614865e+19 -2.6259799e+19 1.6884539e+19 1.9031368e+19 -1.7099108e+19 -9.7637215e+18 -5.3778208e+18 1.7637554e+19 -2.6562978e+19 1.4209755e+19 1.9493396e+19 3.1358965e+18 1.0222795e+19 3.8090511e+18 -7.4062466e+18 -2.0161861e+19 -2.4822896e+18 1.2436315e+18 7.4944857e+18 2.8336196e+18 1.0416674e+18 -3.2529357e+19 -6.3720663e+18 3.8409974e+18 -4.326769e+18 -1.4452906e+19 -1.9340876e+19 2.6232786e+18 -6.0907051e+18 5.4655079e+18 9.1781854e+18 -4.894968e+18 8.9579791e+18 -1.2571972e+19 1.3679877e+19 1.8645404e+19 -1.5457209e+19 1.1617962e+19 -2.6542538e+19 5.2611631e+18 1.8347362e+17 9.0985247e+18 1.0507494e+19 1.1023693e+19 -6.7169858e+18 -1.0822556e+19 -1.6243363e+19 1.7316652e+19 1.2428874e+18 -2.6710104e+19 
