21.04789115646258 40.90023809523809 35.61666666666666 16.78435374149659 26.44285714285714 
92.46298658352221 35.96666666666663 53.50188492063486 46.42460317460316 61.71059854497349 94.03080357142849 70.07665343915339 108.8238095238095 50.91164965986392 114.6553358843537 
235.2547212773999 116.5780555555557 133.8353174603175 133.7790343915345 51.68452380952382 107.2139880952381 158.3445578231292 135.8961451247166 89.82648809523812 54.44880952380956 274.9553571428571 93.80555555555557 68.67955498866212 125.1722222222222 106.0289965986395 
196.664081632653 123.7904761904762 166.0196428571428 174.3999999999999 158.4604761904762 252.8345238095237 79.15714285714279 179.1718253968253 94.27817460317465 99.37932539682539 182.3033068783069 109.706746031746 192.7990476190476 119.2105291005291 173.9666666666666 122.6797619047618 126.222619047619 134.4006991685563 135.2944444444444 80.20476190476188 
332.3563161375662 162.9115476190476 145.407261904762 166.9270833333334 116.1742460317461 109.8020502645503 215.3925595238096 116.4163888888889 206.8019047619048 134.4307256235828 298.1511904761904 134.2744047619048 125.18125 268.1634920634921 148.1292592592592 165.8448015873017 125.8158333333334 149.6267857142858 192.6243976757369 162.4535714285715 149.0638747165533 146.5221428571428 139.7727380952381 100.8383597883598 127.8894897959183 
547.1098844167296 334.1659556878307 318.6363227513228 239.9110339506173 335.5116402116402 254.8847277336861 244.2150264550265 291.4551124338624 202.5753902116402 231.167186318972 260.9661772486772 273.6285092277653 239.5245006613756 250.7211871693121 222.4089814814814 232.215849867725 265.3774955908289 245.0176388888889 240.4645549886622 268.5553769841269 222.1239638447972 315.9844246031745 193.9683465608465 193.2411529982363 242.1044642857142 213.6700837742504 285.864451058201 206.6800992063492 246.6039417989418 248.2371031746032 
555.5093938964474 239.7944841269841 114.7204365079364 259.0378968253968 170.7593253968253 302.9518140589568 209.9226190476189 199.8285657596371 202.6366402116402 271.862318121693 288.6249007936509 216.6299206349206 292.7330853174602 152.4023809523809 141.3380952380952 324.4290674603173 392.1301587301588 233.3157407407407 286.7243055555555 213.9922619047618 315.7080357142857 232.2559523809524 154.189693877551 222.1771825396826 321.2321428571427 213.3035714285714 253.5476984126984 242.0355158730158 171.6669642857143 202.9295634920635 348.4463888888888 160.7130130385486 250.0350340136054 174.0971797052153 192.7006349206349 
265.96331207483 198.8763492063492 209.1482142857143 342.8560515873015 151.943253968254 261.5417271352986 171.2982671957672 255.5027380952381 206.5827777777777 217.362462207105 264.0427579365079 256.1035185185186 294.3490674603175 214.7994047619048 212.9874999999999 252.518134920635 217.7672817460317 311.8855357142857 299.547983749055 300.7764484126985 177.8745039682541 348.3799121315193 218.774623015873 258.0814054232803 247.4904861111112 252.7323847316704 195.1778273809523 234.1522250566894 164.5492455593348 190.4439427437641 215.5719345238095 195.3881802721088 234.564417989418 205.2056547619048 221.8205753968253 173.0634731670447 114.7885383597884 247.2405272108843 259.7283333333333 235.9980461073318 
585.3668605127237 498.3711144179893 247.3669085411942 358.8267517006803 320.9719576719579 377.4159325396826 414.5996882086168 425.1672908793147 307.7901426681784 299.2885770975057 281.4457199546486 383.6645238095238 289.3078869047619 430.2949074074074 343.9475944822373 295.0368915343916 370.4471094734191 440.8273384353741 491.852204270597 413.0079585537919 323.1901653439153 309.7290887188209 400.9847600151172 317.4601256613758 358.9373866213153 424.4720238095239 484.7220568783068 364.3568839758126 394.3669444444444 350.4239177059713 376.3846211262283 496.8403224993701 407.7446759259259 330.5489616402118 460.651730914588 498.957757936508 339.1758347505669 537.636839569161 271.3360104875283 325.7081216931216 386.7447448979592 269.7846088435375 522.6615482489293 371.5087301587303 297.294437515747 
423.6179043839757 357.4585052910052 446.1225510204081 378.8657782186948 515.85791005291 281.41899281935 382.6863756613756 409.7378373015872 448.7565277777777 362.6961211892165 387.5123015873017 370.168086419753 289.5470634920633 336.1315079365078 412.354365079365 398.7635890652556 469.6313822751322 421.0874338624338 337.1691216301334 401.3096718316955 470.563534265558 409.748721340388 418.8937396069538 468.9594929453263 493.2602154195011 339.0160714285712 279.8499587427564 334.3078835978836 284.2316704459561 528.932037037037 381.6559832451499 415.1304188712521 349.5047448979592 382.2072751322753 303.4954610733182 405.9173705593346 366.8919627110104 404.1656481481481 308.6614317208364 338.6600283446713 481.8374074074072 342.5292328042327 472.3690684051397 358.0576593600402 346.5298941798942 340.7936860670194 329.9971995464852 457.5932533383724 496.8218707482993 313.8493386243388 
709.8198801650286 446.412285840262 311.9215476190473 396.4602919501132 404.964332797934 359.5928854875283 377.9819916855631 478.0869504283194 359.4156712962964 307.4257574326027 409.1006739732928 465.4802421894685 349.6792422524566 424.8137254346184 387.6995493197279 444.197212616528 329.8856024817333 457.4108938019651 321.3392573696145 405.9801618795665 496.3306216931217 405.0891594230284 372.5526330624841 350.1719198790628 483.7909963151926 423.5869201940036 340.9946963970773 388.4161873267825 404.8915013227513 415.2230278407658 297.9553747795414 463.8741609977324 565.6940712396068 534.1638825900731 379.6866376921139 260.3993055555555 354.6198280423279 346.1917729591838 461.8484826152684 509.1882231040565 461.443890148652 368.6732615268327 328.0965211640212 373.6030974426808 399.1564728206097 359.1768014613253 465.7522515117157 536.9614181783822 379.5126314877803 315.6400840891911 496.8882180650037 471.9354280045354 352.7489789619551 360.3954988662132 356.1157753842278 
469.9120620748299 312.4971957671957 302.756593915344 316.0371825396825 291.498818499622 318.5848913454271 280.5646116780045 278.7403968253968 245.5690740740739 337.3799083522297 502.8304365079364 431.7849395313681 366.427932728647 346.2972222222223 377.5765211640211 461.7227876984126 344.0474867724868 336.1607681405895 289.2467214663642 361.5753571428571 322.2873346560847 226.6112929894179 273.6878628117914 306.9401549508692 311.1975316515494 288.2327891156461 275.4299404761904 291.1120833333332 406.4191666666665 388.4636352040815 285.9871608087678 308.9495634920635 367.4443121693121 283.3295634920635 375.2057374338625 388.2147770219198 330.9636125283446 316.3980045351473 349.4947373393802 227.6420238095238 298.2489880952381 178.931626984127 319.5711210317459 297.0653628117913 311.1719642857143 234.6659297052153 370.2440376984126 330.3582482993196 364.4679648526076 432.5725793650794 432.5586309523808 410.7380196523054 266.3149338624337 370.2664923469388 426.3437962962964 414.6594246031746 380.6265419501136 391.3989880952381 367.7324376417235 327.8332076719576 
856.8564668367345 518.1660714285715 461.1437684240364 442.29613851096 381.6458248299319 484.6273346560848 676.7132142857143 407.9578968253969 502.6945238095239 451.2109977324264 447.6126488095238 330.0346693121694 511.8917044595615 463.8127380952381 436.3241732804232 477.4789682539683 419.1427579365078 437.0665873015873 362.752599206349 408.3537533068783 501.9122619047619 391.5879464285714 547.3380527210886 527.5748015873016 430.6663789682539 409.7498048941799 469.6824900793651 427.5599631519274 501.9934523809524 460.3791071428572 490.6358134920635 400.9867616213153 404.1173918178382 301.1239285714286 519.5062996031744 271.3246031746033 354.3845238095239 580.1935714285715 438.9061111111112 405.4216765873016 373.2228769841269 460.1943235071806 377.2000113378685 486.8131216931217 440.9414351851852 463.9363392857143 542.6787471655329 375.4315646258503 547.4369973544975 493.0021164021163 590.55 276.5766203703704 577.5888095238093 579.3145833333331 512.5919642857141 442.4472505668934 592.424007936508 508.5730158730157 438.9416666666667 416.3269841269842 399.1555555555556 396.5405753968254 315.8035615079364 366.4052210884354 434.2857936507935 
867.2295993953137 496.5301752645503 542.8111018203577 575.3230979150919 531.7538501511713 464.4113866843034 519.5449395313682 440.0856785399345 483.3174847253715 448.2215329743008 435.8042438271603 640.6124009511211 543.4600348009575 484.7558035714285 529.5078837553541 575.3079497354497 494.5978670634918 459.0975286596118 603.5737175610985 415.4992669753087 755.119901266062 408.2066997354498 495.2879936696901 584.6394576719576 481.8892153250192 437.7892613063744 440.981136621315 385.1356961766189 597.9103483245149 620.5520356198034 441.5480747669438 414.9770597127739 467.6719461766186 439.612056878307 520.6383153817085 565.2929530423279 563.9071891534393 525.1636487465356 583.1634115961198 507.067680776014 559.6509249811037 515.6649688208616 496.4654489480977 446.5348390652558 465.5683465608466 449.0114918745275 452.9868452380952 676.3655821680525 472.3657010582011 588.3099790564373 580.8225981040565 541.2469480662636 447.1469430272107 521.1961758314436 580.2004817019401 459.5810257621567 472.1633566389519 526.897038611741 450.8565372260016 550.0111501637696 547.3797204900477 460.0658739606953 542.0155626417235 519.4173611111108 520.6555709876543 479.595375409423 406.5339440035274 526.1916343852359 530.759718915344 493.7947971781305 
1182.162811318972 521.1003675359037 479.5961507936508 500.4127928949358 665.6370370370372 454.6407076719577 534.1269109032503 561.6632369614512 511.8799107142857 518.300314153439 356.1923327664399 700.9220568783069 633.5849376417236 566.0689096749813 673.4632936507937 659.2142096560848 649.5821428571429 402.9590740740742 546.6769605064246 646.8333333333333 515.3862103174604 642.7008692365837 443.6412018140591 594.0083167989419 514.1217757936507 614.7922089947091 630.3178476946334 462.9189597505671 472.8195908919124 841.293036659108 469.1888161375663 410.1619047619047 549.6676067649283 532.7130158730159 736.2109051398337 398.6575680272109 625.2104332010583 533.4359325396825 654.9959656084653 478.7183153817083 547.3885818216178 506.9517743764172 499.7677711640212 660.5709674981106 541.7090972222223 549.8571145124718 564.3557142857143 454.857127739985 568.7326719576722 730.5340646258504 695.6471442743767 454.0660383597884 614.8718915343915 657.9696825396827 367.3520408163266 451.2254393424037 543.3687698412701 650.0048705593351 610.146746031746 492.0667148526077 573.4130456349206 523.4366269841269 728.8436791383223 632.2123015873018 670.4496031746032 544.2797718253968 536.8446428571428 389.045847505669 507.3026785714287 400.4210123771729 500.0791666666668 557.3683649848829 669.2429109977323 563.7879960317463 394.332390873016 
1132.428238378685 680.7551199924415 609.0480804358782 492.1015580120937 646.4104670571933 634.8906432665659 601.9715750188961 460.8825913328295 503.6784399407913 730.3129846938776 550.908912037037 565.4471951373142 530.1001858150665 576.2012991307636 531.7028179327287 569.1759393109096 632.1586555177622 550.4657516061981 647.7114792768962 729.6369378306882 544.7584325396825 463.9549965356512 435.8638991244646 759.444468065004 613.7859555303602 580.3383523872513 597.39713372386 509.6356566515495 672.4270249118165 456.49981292517 731.4590769085413 514.6074867724868 528.8205944507434 667.4904409171074 629.554380511464 544.5734722222223 525.4288473167044 550.5468948412702 547.1614759700178 472.3398170194003 557.7112268518517 460.9914852607709 674.9223530801206 693.4417305996471 569.1067091836734 622.041631393298 514.3989583333334 625.3718310657596 672.52751984127 637.5868841332831 523.3151111740993 676.9850015747039 608.5855470521543 642.8006993260267 575.1050637755103 568.0369175170066 607.8686454396573 584.7339810090704 553.3049804736714 683.4780999622075 561.8324007936507 480.0434939531369 565.8415943877551 510.4479469009827 731.7516765873016 522.6657429453262 488.7414677815571 575.2564436885864 504.240890967498 501.7064065255731 558.5043055555556 644.7526313303099 546.8891005291003 493.2048212711009 449.7454815444696 514.2303713151928 532.9450297619047 586.6077248677246 779.4544175170071 521.0271192365834 
711.2809221466363 600.4569668052405 501.2778278533636 599.2624338624341 511.398664021164 773.5838756613756 480.7461375661377 455.5434596245907 509.165045351474 564.9471327790376 476.3225044091711 503.1808059334845 488.1281547619047 725.7486485890649 673.4210290690352 658.3139449483497 402.1318077601411 505.0317959498614 525.8320030234315 518.1287374023684 565.5935471781303 510.3728391912319 572.6623815822627 510.5419274376415 543.5457265684053 804.9893009889146 578.1190321869487 699.871495968758 537.6382087742505 588.8595105820107 595.5446538800705 462.5144779856387 549.7852239229021 486.347685500126 708.9104917800453 762.748087522046 551.9596324640966 553.8774319727891 463.3777664399092 556.1237477954141 548.2248841017888 556.4977210884351 501.1801521164021 519.4961381960189 423.2420294784578 488.9102039241623 561.4503284832451 677.1655394935751 483.5820562484255 606.2703278533635 471.7341556437387 559.8276722726127 477.6406316137565 492.6642672902495 535.6099305555557 582.9480582325522 555.7345370370369 570.720233686067 741.2798280423281 513.3687367724866 442.0620447530865 448.6393805114639 477.7380887818088 478.4228495842781 499.1955826404638 463.9031790123458 609.0287887377172 537.02641723356 540.8689816389519 505.9537462207106 472.4585333207358 526.0880996472664 469.8517665028975 525.3607190098262 617.11539021164 584.4794170445957 512.8743773620561 518.7455848450491 613.287574955908 476.4381657848324 514.2882804232804 578.6100396825395 469.9471982867221 431.3578042328041 649.4463624338622 
629.8514290438399 714.5758531746031 629.0607473544973 650.1211772486774 668.8533120748298 500.6004610733182 724.5625992063491 604.035394935752 757.576355820106 650.0401313303097 724.1846527777777 749.6648667800453 711.3198743386241 714.5356457860922 694.5120634920636 685.0783304988661 623.3805413832199 729.4121905706728 736.1628273809525 528.6911167800455 609.1766331254722 632.6581514550263 702.0847293083901 711.7964427437638 729.795734126984 684.2706878306881 745.6387414965989 845.3188104686319 727.8005196523058 493.0594331065757 736.4600859788361 732.2506613756615 723.4200892857141 906.4990646258503 629.1246230158731 748.7072585978838 510.4047066326529 651.6852891156462 697.8478056500377 693.9504582388512 785.6061545729402 488.7140873015873 646.0099064625849 869.0866638321994 568.3855253212398 509.4639928193498 830.7820932539684 940.7308786848075 719.0711857520786 785.7714285714286 456.0274423658352 737.6962773998489 771.8484623015871 626.1688326719578 471.3922080498867 841.8326785714285 741.6504128873771 803.9176190476192 616.8318740551777 533.7178070672712 671.4340901360545 734.940620748299 705.6667063492063 817.8691066704458 706.2638208616778 688.0667276077098 698.2521541950114 721.4024825207862 527.5168551587303 1000.500297619048 647.8611989795918 590.1004913076338 728.6527447089946 735.9250311791383 728.56691468254 772.2565816326529 599.5407336545729 700.8429988662132 702.2712301587303 457.9412698412697 562.8766156462584 634.1539115646257 556.4058730158731 651.0149636243384 685.0583730158729 654.3355059523808 651.3564200680272 676.870634920635 848.610865929705 741.6124433106575 
732.9332764865205 738.9161312673216 638.6996110481228 697.1747056878305 653.9669976694379 741.2618213025951 660.904261148904 821.5490865142353 670.1786983497101 709.9918767321744 647.8495773494582 688.4542860292268 573.1410544217687 677.9370811287474 926.465894116906 813.7753887944069 685.3818072877295 610.382495118418 745.3320171957674 588.0006755479973 742.5265287226001 825.0211265432098 837.9487315759635 638.1615221088434 624.8862271667928 755.9278302154199 638.8139430587046 633.593597411187 932.3556272045856 651.2664696712019 727.6751218820858 1182.937862024439 820.0046863189722 553.5311430776012 787.7984323822121 717.3434585222979 717.2234887566138 541.6127221907281 721.0526744771981 846.3966798941794 592.4037345679013 757.1093225623583 679.3238090513981 754.0025743260269 709.2405128810781 744.3205960254471 742.3630346119926 828.3049294532626 844.0571886810278 765.1998900856638 770.543843694885 678.9280684681281 740.1081958616782 681.7791263542454 694.6465702947849 881.6363315696649 819.0681374401613 793.6892083963214 613.7703317901237 697.0776061350465 667.0928081695641 599.2783829365079 755.2676831380702 523.2189811665406 658.6024217372133 601.3964710884353 692.1595205026456 802.0183640400604 596.4548675673976 699.7952251826658 829.6776379440668 605.1815947026959 753.5124461451246 967.2866567460318 640.8618661816578 676.2038207042075 768.9413717246158 836.5371622260017 560.3037555114638 633.6099540186444 667.2106944444442 905.7924310279667 824.4987301587302 836.8028883219953 779.9087265369112 750.3575360607203 737.8747107268836 773.5272431657847 870.303947467876 585.495686728395 711.6336262282689 835.6491151738471 702.3608849836228 807.3164884101789 658.5492091836733 
704.4414753401362 786.8087566137565 810.2484708049889 597.7481547619051 775.7927683295542 747.41164021164 769.0780753968252 947.9914682539684 830.5523809523811 619.3836309523809 768.9768820861678 1092.751521164021 1045.156199452003 660.226047808012 696.9553935185185 751.952631802721 579.0955839002266 858.5637400793651 838.3020181405894 800.7730442176869 668.1840929705218 655.8957407407407 894.7690476190478 778.2666732804232 874.4570209750567 885.3199263038549 851.8540939153434 859.0141269841271 716.4475056689341 717.2670634920632 638.2474579554045 893.3408484504912 1155.166284013605 671.2349971655329 701.466531084656 916.0903424981103 1018.13998015873 809.8891156462588 564.3688614890401 803.4572647392292 624.2826284958428 1258.390610827664 798.2609268707483 940.2482709750567 730.5150793650794 606.639246031746 671.2687896825396 857.2079152494334 900.9772893046107 588.303488756614 691.8847222222222 784.6463548752835 637.4945819160999 675.2059523809522 785.7700396825398 686.4017460317461 887.5728571428571 810.2291099773246 808.6583191609975 708.3259580498867 952.6765873015873 690.3843915343915 854.3594246031744 742.7342261904765 711.2101984126988 628.5247023809522 892.1570521541945 913.7725000000002 650.2616657218442 638.4564314058957 779.9728765117156 812.8172156084654 771.7099234693879 704.9169586167801 863.6457936507934 688.0634259259257 910.1493716931215 650.2720634920632 589.4592063492065 849.0818027210884 726.2052225056688 703.763018707483 750.91710600907 559.9064427437644 1044.177527399849 1002.50376984127 648.0887981859414 692.651240079365 516.5442743764172 788.0120063303099 744.1609226190476 836.0695776643994 899.6495219198792 884.9853869047618 946.8716624149658 796.768650793651 809.3340121882086 731.623775510204 602.3412726757369 687.1635487528346 
