2.142054080963135 -2.140074253082275 -0.1977075189352036 -0.02316327393054962 -0.185185045003891 
-3.161643981933594 -0.8455532789230347 -2.022489547729492 -1.176719665527344 -0.8483319282531738 -1.525407433509827 1.402253985404968 -0.7222247123718262 3.033528327941895 -1.156561732292175 
-1.465623021125793 -2.542531728744507 1.249388098716736 0.9717933535575867 0.08122588694095612 -3.091697931289673 -1.358929753303528 0.2358233034610748 -0.01915165781974792 1.383042693138123 0.9911108016967773 2.7273108959198 0.2919367849826813 -0.3264500796794891 0.4907523691654205 
0.7385873794555664 0.7147064208984375 -4.405370235443115 -3.783689260482788 0.3358134329319 -0.5512739419937134 -1.876251339912415 -0.581871509552002 3.189877986907959 0.3355787098407745 -0.9911406636238098 7.058705806732178 1.977917194366455 1.601659178733826 -1.904151916503906 0.3446884751319885 0.5491911172866821 0.5940958261489868 1.6834716796875 2.258609294891357 
0.06208157539367676 1.173409461975098 -5.729042053222656 1.044199705123901 -2.641645193099976 5.491825103759766 2.714685678482056 0.7304744720458984 -2.941596508026123 -0.7182637453079224 0.8289505243301392 -6.558191299438477 -6.12246036529541 2.625491619110107 0.1186258792877197 -1.858779788017273 1.519816160202026 0.4403685331344604 3.562576293945313 -4.739169120788574 3.063394784927368 2.464348793029785 -1.340328931808472 -2.343010902404785 -3.382757663726807 
3.10792088508606 -4.115453720092773 -5.955361843109131 2.957154512405396 2.665318489074707 9.773832321166992 6.516090869903564 -3.718805074691772 -4.387061595916748 -1.657379031181335 2.752634048461914 -0.2640784084796906 -1.788011431694031 -0.194766566157341 -5.848150253295898 6.498825550079346 5.032836437225342 2.907427787780762 0.7236731052398682 2.084410190582275 -1.509976863861084 -0.4546518325805664 -3.894265413284302 -5.239506244659424 0.5886505842208862 0.04395802319049835 3.442272901535034 -2.167816877365112 -0.8626949191093445 7.788004875183105 
-1.779210090637207 0.1209821403026581 -3.185769081115723 -0.6942769289016724 -2.359603404998779 -8.084734916687012 0.4983235597610474 2.862853527069092 -2.923601150512695 -1.226211547851563 3.418365001678467 -3.024513244628906 -5.971220970153809 5.435901165008545 7.568509101867676 -6.144218444824219 -2.695373058319092 -8.26414680480957 2.784508228302002 4.14656400680542 -3.464107513427734 4.803689956665039 -0.2049900591373444 -2.166626214981079 3.077856063842773 5.612461090087891 3.103135108947754 3.763329029083252 1.307934284210205 -2.222033500671387 0.6959112882614136 3.444117069244385 4.049993991851807 -0.6422236561775208 -2.971277475357056 
-2.477004289627075 0.9395857453346252 -0.6650025248527527 -1.423713803291321 1.687430262565613 0.296161949634552 0.2475309371948242 2.302219867706299 2.688495874404907 4.539015769958496 -4.645876884460449 -2.253782987594604 1.365054368972778 4.305178165435791 -2.418413162231445 0.5628264546394348 1.35672402381897 -0.8864487409591675 1.155220866203308 -0.539922297000885 -2.517200231552124 0.2944362163543701 -0.5911455750465393 3.585802793502808 -0.7407188415527344 -1.099985361099243 2.51386022567749 -2.096064329147339 1.816437482833862 -2.771569967269897 -3.749900102615356 2.25610613822937 -4.046119213104248 -7.897507667541504 0.8404996395111084 -0.9052166342735291 2.748940467834473 -1.419248461723328 0.3308714032173157 0.5312618017196655 
2.121789216995239 -6.024675846099854 3.924796581268311 2.098762989044189 11.4583101272583 -0.04025629907846451 1.047844529151917 -0.9750336408615112 3.756655693054199 -6.09576416015625 -5.400326728820801 7.880911827087402 5.173734188079834 -0.1123605072498322 -1.462133288383484 -0.5429593920707703 -1.665347576141357 -1.707126617431641 -0.4053759574890137 -2.819947242736816 -1.16186511516571 0.5923984050750732 1.979714393615723 3.964493751525879 -0.8625997304916382 0.5555109977722168 -5.248711109161377 -3.076576232910156 -2.631698369979858 5.310754299163818 0.1141935586929321 0.2200563549995422 1.206390023231506 -1.50777804851532 2.789899587631226 5.733564853668213 0.3433006405830383 5.811903953552246 0.5549671649932861 1.52199923992157 -6.081917762756348 -3.103614091873169 -0.7392195463180542 1.691671967506409 2.700695276260376 
2.335658311843872 -5.16648530960083 0.528583288192749 -1.046994805335999 -6.680665493011475 0.413743644952774 4.496513843536377 -4.575482845306396 -1.920624494552612 0.7062382698059082 4.455424785614014 -3.748394012451172 7.097612380981445 -1.812047481536865 -6.818735122680664 -2.619420528411865 5.806286811828613 4.807790756225586 -7.52894115447998 4.531042098999023 1.988628387451172 4.588798999786377 -0.8608707785606384 1.63472318649292 0.8410327434539795 2.433586597442627 -3.434394598007202 3.423768043518066 1.758141160011292 -9.085747718811035 1.148591160774231 -0.7500671148300171 3.132113933563232 -5.328681945800781 -0.3716356158256531 -4.172229290008545 0.5316641330718994 -2.134956359863281 0.8151477575302124 -7.70116138458252 1.304300546646118 -4.106494426727295 -5.77712869644165 6.214010238647461 1.141444683074951 3.60992693901062 0.422799289226532 2.73247241973877 -4.960434436798096 -7.698633670806885 
-6.82008171081543 0.07245117425918579 -5.14051342010498 -2.886517286300659 -2.99464750289917 -7.122418880462646 -3.844554424285889 -0.8922363519668579 -0.3038549423217773 7.480612754821777 1.881201505661011 -5.463146209716797 1.204084634780884 6.736149787902832 -1.005101799964905 -3.917778730392456 -4.531534671783447 -2.341705083847046 0.240468755364418 1.656510829925537 -0.8037517666816711 4.517231464385986 -0.0634513720870018 -2.126155853271484 2.150470733642578 4.040108680725098 -3.379877328872681 -0.6823886632919312 -0.6436609625816345 -1.459194898605347 -3.406644344329834 -3.954688549041748 3.779736042022705 2.243083715438843 6.577391624450684 -4.871387481689453 -3.196081638336182 3.935016870498657 -0.8688459992408752 -1.573680877685547 -0.2662469446659088 1.75619113445282 2.226800203323364 0.1488675177097321 0.4515689015388489 -2.755564212799072 4.435494899749756 14.7666015625 -0.474585235118866 -1.288644433021545 7.774032592773438 2.650103092193604 -3.423923015594482 -5.356775760650635 -4.364714622497559 
11.47778987884521 -0.0005340203642845154 0.8058657050132751 0.8190056681632996 -4.602192878723145 2.12657642364502 1.445598483085632 -0.8661406636238098 1.158350348472595 -6.319179534912109 3.15654993057251 3.885091781616211 -0.5566524267196655 -0.8717890381813049 -1.233659744262695 0.5148087739944458 0.597143292427063 3.120182991027832 -2.75963020324707 1.111881256103516 2.944812059402466 -2.000215768814087 2.813868522644043 -3.565929174423218 8.77006721496582 -4.269826412200928 2.676656484603882 -4.894931316375732 -3.289700508117676 1.490759611129761 -0.4222759604454041 -1.963182806968689 0.8472058773040771 6.045397281646729 1.773842334747314 -2.030288934707642 11.46320629119873 -9.280932426452637 -3.882043361663818 0.3308199942111969 7.083016872406006 3.426638126373291 -2.760826110839844 -0.6419254541397095 -3.979633808135986 1.675880670547485 -5.257740020751953 2.967019319534302 -2.459280252456665 -2.144159078598022 0.04470980167388916 4.276546001434326 -8.412613868713379 -1.866930246353149 -0.5398354530334473 0.714415967464447 0.3978392779827118 2.546241044998169 -4.084716320037842 2.162121057510376 
-7.838675975799561 3.252272605895996 8.601824760437012 4.884375095367432 5.72511625289917 -0.9490379095077515 -4.268761157989502 3.205971717834473 0.9154542684555054 -3.212127447128296 -0.6316720247268677 -7.358259677886963 0.5827891826629639 -2.565126180648804 0.6416188478469849 1.940440058708191 6.619730949401855 -8.318801879882813 -1.578536629676819 -2.832621812820435 1.351113796234131 -1.152538537979126 -5.310745239257813 5.394862174987793 -6.343584537506104 -1.381700873374939 1.166575312614441 1.226011276245117 -4.965804100036621 -1.147021055221558 -5.324307918548584 -0.4331642091274261 0.3853301703929901 -6.441537380218506 6.547807693481445 -2.988818168640137 3.304256200790405 -3.911475896835327 -1.685936093330383 -0.01378048397600651 -1.963197588920593 -1.36420726776123 -6.034756660461426 0.429390013217926 -0.8043797016143799 4.472151756286621 2.798645257949829 3.600643396377563 -1.53143036365509 -8.885268211364746 -3.379644870758057 -5.827621459960938 6.065553188323975 -9.226245880126953 -3.217251062393188 0.9670080542564392 3.744951963424683 5.422361850738525 -4.299614906311035 -1.13670015335083 0.4397680163383484 2.974913120269775 1.735455989837646 -5.864215850830078 -4.075538158416748 
2.694348096847534 8.844315528869629 1.618437647819519 5.361185073852539 -2.325045108795166 0.1708620488643646 -4.005361080169678 -10.45385074615479 -3.258235931396484 1.039570212364197 -0.9644064903259277 -3.107535839080811 -2.026117324829102 12.81342315673828 -3.856829166412354 2.191765308380127 0.6125381588935852 -1.37563169002533 -0.561673104763031 1.084429621696472 4.70378303527832 -4.827529907226563 3.80898380279541 -1.418380975723267 8.56036376953125 -4.009033203125 9.340911865234375 3.842564582824707 5.180711269378662 2.402852535247803 11.48242473602295 -2.493005514144897 4.867397785186768 2.406895399093628 -7.411056041717529 1.753240585327148 -1.788797736167908 -0.6611878275871277 -3.433263063430786 -5.392394542694092 -2.146223783493042 0.1911374032497406 0.3843100666999817 -0.7771447896957397 -7.640464782714844 -2.365756750106812 3.704354286193848 -0.6560283899307251 6.725706100463867 -7.799059391021729 0.6066963076591492 2.836301326751709 4.921566486358643 -7.078836917877197 1.551628470420837 -0.5449372529983521 -5.63356351852417 -3.357478618621826 1.638905763626099 0.6599534749984741 0.3713058233261108 -3.646739721298218 -2.779940843582153 -3.124367237091064 0.3847693800926208 4.848314762115479 2.271190404891968 1.86186671257019 -7.5355224609375 -5.302975654602051 
1.831641435623169 0.3377758264541626 0.04835742712020874 -4.243629455566406 -5.704398632049561 3.647841215133667 0.283938080072403 -6.077619552612305 -2.28745698928833 3.827784538269043 4.890535354614258 -7.522771835327148 4.081930160522461 -4.328848361968994 -0.9090203046798706 -1.130565762519836 -7.364089488983154 7.090860843658447 -4.934741973876953 4.994118213653564 9.760614395141602 -4.564291000366211 -7.700988292694092 1.860668778419495 -3.810916900634766 2.817291975021362 -0.06543347239494324 -2.769850015640259 -0.2479224503040314 7.728514194488525 -2.950309276580811 4.748396396636963 0.4851243495941162 4.024018287658691 -2.176645040512085 -0.2951389849185944 0.01681828498840332 -5.374608993530273 -10.35933685302734 -2.258444786071777 -0.738828718662262 1.879259467124939 4.955831050872803 -3.849118709564209 5.236030578613281 -3.146792888641357 -0.08373916149139404 -0.6528207063674927 4.487221717834473 0.119694672524929 0.5256195664405823 7.458597660064697 13.7391300201416 12.37535381317139 1.097244262695313 -1.220680832862854 -0.6723173260688782 -6.545687675476074 -0.00247567892074585 -1.589970827102661 12.51578998565674 5.671544075012207 9.191905975341797 0.4462748467922211 -0.4797850251197815 7.737890720367432 -1.489030718803406 9.234661102294922 2.157660722732544 -6.391265869140625 -5.362488269805908 -7.209881782531738 -0.759682834148407 9.379393577575684 -1.968217372894287 
-8.078436851501465 -0.02773201465606689 -7.115611553192139 2.052585601806641 -2.969793319702148 2.001487731933594 2.856092929840088 -9.260703086853027 -3.79815149307251 -5.81600284576416 2.971462488174438 4.659900665283203 1.172069668769836 5.385168075561523 -7.758918762207031 -2.271014928817749 2.50633430480957 -0.2955617904663086 -1.970983028411865 4.786878108978271 -2.211348533630371 -0.5753220319747925 -5.294338703155518 9.151586532592773 5.565654277801514 11.09369373321533 6.685684204101563 -0.4271222352981567 1.507696866989136 0.03774230182170868 -3.619685649871826 9.313015937805176 6.728500843048096 -1.728991031646729 2.36953592300415 4.090896129608154 1.884904384613037 1.202563643455505 4.838189601898193 -10.84603500366211 6.235869407653809 5.460079193115234 -7.452047824859619 3.605575561523438 6.634874820709229 -1.284943103790283 3.928674697875977 -2.92883563041687 -2.263385772705078 -0.3476053774356842 -5.802634239196777 0.9527701139450073 -3.256994724273682 6.55295991897583 2.081267356872559 2.648660182952881 -11.96329116821289 -0.5982207655906677 10.33545684814453 -5.611335277557373 7.296226024627686 8.406416893005371 0.2556456327438354 -5.767510890960693 6.134879112243652 5.091598033905029 -1.236515641212463 -10.11288452148438 -1.418014883995056 -10.07061767578125 -2.390769004821777 -1.056879162788391 2.358604907989502 -8.81198787689209 4.39778995513916 6.9389967918396 -6.704339981079102 -2.456775188446045 -2.189321279525757 -3.429955005645752 
1.53951621055603 6.972554206848145 0.7639467716217041 -12.55593299865723 5.126691341400146 -2.948708295822144 1.402781248092651 1.256262183189392 9.898571968078613 11.73535442352295 4.815355777740479 -1.437607288360596 -3.759781360626221 -3.662118434906006 -1.448464393615723 4.278007507324219 -6.032037734985352 -5.887420654296875 -2.257826089859009 9.025259971618652 -3.071447849273682 -4.848891735076904 -2.001796007156372 -12.07249164581299 -2.850470542907715 -5.592390060424805 1.055250763893127 -6.526670932769775 9.845892906188965 -1.944868803024292 0.6573991775512695 -0.6140820384025574 -0.3296254277229309 -8.702630996704102 4.310732364654541 -2.949717044830322 -0.8782352805137634 9.56558895111084 8.872282028198242 3.259039878845215 11.56189250946045 -0.4581496715545654 -8.458321571350098 -2.246479272842407 -0.66762775182724 -6.228828907012939 -5.303854465484619 -2.454276323318481 1.831408739089966 -2.558170080184937 1.834729671478271 4.857484340667725 5.237514495849609 -1.816712856292725 -7.495246410369873 6.158387184143066 -5.029929637908936 0.16842882335186 -3.029745817184448 4.016173362731934 1.813779592514038 -1.085076451301575 6.650281429290771 0.4075666964054108 -5.056422233581543 -7.462553024291992 0.1303929686546326 -13.06143188476563 -1.828292727470398 2.65477180480957 -0.4135295450687408 5.075630187988281 -3.161643266677856 0.3567096292972565 -6.300578117370605 -5.461548328399658 2.19483757019043 5.776182651519775 -2.91368293762207 -12.89315032958984 13.04868316650391 -5.024410724639893 -0.9023033976554871 -2.137676477432251 0.2448457777500153 
2.913042068481445 -6.752780437469482 1.993097424507141 -3.560410737991333 0.8189208507537842 -11.78548240661621 -9.126026153564453 2.964646339416504 5.984636306762695 -0.3548803925514221 5.495706081390381 -1.880367398262024 -2.177646398544312 -4.750112056732178 -5.020223617553711 6.85142183303833 -7.43970775604248 -2.265805244445801 1.521475791931152 -1.984018206596375 -9.585176467895508 1.874535322189331 -0.09440512955188751 -10.85752201080322 2.59619140625 1.277111053466797 -1.431374788284302 -3.429129362106323 -4.967033386230469 6.567343711853027 -3.791237354278564 4.626008033752441 -0.4914775788784027 -4.809730529785156 2.630690097808838 0.592787504196167 -2.892570734024048 -3.034713268280029 -6.207115650177002 -6.703197002410889 1.4930419921875 9.03046989440918 -5.439396858215332 -7.086052894592285 -11.25930404663086 0.8609644174575806 1.275451421737671 -2.940911769866943 -3.247363328933716 -2.161648035049438 1.724439740180969 -1.685234069824219 3.287364721298218 -1.283102035522461 12.19054794311523 8.338025093078613 -3.945774793624878 2.88053560256958 -0.5249152183532715 -3.777260065078735 -8.447181701660156 1.664225220680237 -2.641982078552246 -0.4925994277000427 8.654500007629395 6.409648418426514 8.01329517364502 -4.242315292358398 -3.962960720062256 -0.9013386368751526 0.06406602263450623 8.086530685424805 -3.063814878463745 -0.4928394556045532 -0.3805206418037415 -0.3446633219718933 -4.765818119049072 6.824938297271729 6.457972049713135 6.697522640228271 11.42204093933105 -8.509823799133301 -0.03045296669006348 6.571536540985107 -7.034364223480225 2.45340895652771 -1.825926780700684 3.648301601409912 -2.109145402908325 6.246389865875244 
-3.095663070678711 -1.076937556266785 11.97961044311523 1.613480448722839 -2.406788110733032 -0.7142642140388489 7.32550573348999 -2.315611839294434 9.287511825561523 -0.41180020570755 5.450685024261475 4.322391510009766 -3.324687004089355 -5.48646068572998 0.3052164912223816 -0.909854531288147 -1.295409798622131 8.04710865020752 -5.177903652191162 -2.476113319396973 -5.043895721435547 0.1327627152204514 -0.9276083707809448 6.937124252319336 0.3491342961788177 -9.022283554077148 3.542469263076782 -8.41584587097168 -3.247903823852539 -2.838561296463013 2.345699548721313 -3.01984691619873 -4.017193794250488 9.554404258728027 -0.9176886081695557 1.455679059028625 4.357566356658936 8.272591590881348 2.455710649490356 -4.476443767547607 -4.554691314697266 0.6325352191925049 -5.217286586761475 0.4581449925899506 -5.208086967468262 -0.1866584420204163 -1.725426554679871 9.891470909118652 5.5483717918396 -6.657416343688965 -7.745278358459473 8.685677528381348 -7.25142765045166 -10.22367095947266 -1.239476203918457 -2.299115657806396 0.4650843441486359 7.664103031158447 8.044807434082031 11.2202091217041 1.49720561504364 -1.722548007965088 5.054708003997803 6.374457836151123 1.70423150062561 2.061045169830322 -2.412835597991943 10.35966968536377 -3.390549898147583 1.777463436126709 -6.804216384887695 -2.243422269821167 0.8144584894180298 -4.334949493408203 -7.27936840057373 1.357840538024902 0.6248546838760376 3.256710529327393 -6.459652900695801 -5.869304180145264 0.4960691928863525 -6.590083599090576 -5.34140682220459 -1.769012331962585 0.5125036239624023 -0.4006515145301819 -1.319698452949524 -1.767285704612732 -3.518598556518555 3.096498727798462 1.178693771362305 6.331094741821289 -6.002677917480469 -2.316272020339966 -1.434762954711914 
