-0.9256009312877727 -0.2036809262163 2.309383525000244 -0.1111641192255108 -0.7743660705913193 
-3.672154032266237 6.229131650312527 1.002235337619531 1.166876158890382 -1.969433587817641 -1.450821667535214 -2.574808253030165 3.977984479826769 -2.058138176878376 -0.02979618375459928 
0.2156709087947462 0.8729009018844037 -1.26847519774184 -1.199391341872132 -3.306513970152506 -1.317224460938059 3.35896934853518 -2.73906218580934 1.822719418366516 -1.346748070916932 -0.3702801887990663 -2.436630524305078 -4.090862767483543 -2.947735086846087 -1.022217603428885 
-0.742375332459261 -2.790441818167039 5.530336248302861 2.753353123550259 4.024822200390419 -6.310228931580698 3.04912545200111 -2.099027896107333 0.9780774734050212 -0.7447707471911948 1.341013157085748 -3.301427536693976 -1.437540204447972 4.326388630903256 1.421352453840023 0.8316267194757803 2.60193180628207 -2.533641696170492 -0.4480209174107966 -1.03312905515789 
-0.7390477587421134 -3.819643847047832 -0.08935712559076563 -2.045655374438469 -0.0386316932067407 -2.413637908883727 -0.4029418470281589 -1.582151065832096 4.024977844136781 -6.895401244164012 4.410656101394077 1.819339679019399 2.853186501727803 -3.193583503826451 -4.639357534512899 -1.083482253374043 2.530131614930355 1.718872522293355 -1.115433406949346 1.018714648172695 -0.5370856997662543 -2.596728831179395 0.399811827268544 -0.4710456626280213 0.9742144533844694 
7.935145383470418 5.057060815841487 -0.7727337117342269 -3.789169707556054 -2.031243128253529 0.970204716889301 -5.08102611549802 1.635581679498187 1.607278785682487 -3.258521500235906 0.609399569221558 5.096916694599743 -4.804456003032772 -0.6593586812458709 -3.781051929330626 0.7676761072629031 2.493679001232 -0.658100177156842 -1.591719302651005 4.200606406424981 -2.427964354533678 -2.878655531155163 2.139429846345429 -3.020318320543633 -0.6077698657271915 4.271276721842556 -3.748339805239007 -0.2067879753652639 2.255320756179986 -0.08446695240375199 
3.377922036797445 -4.381447232462819 4.466738425849694 4.432803644600185 0.8126915290386936 -0.1963169226697899 10.15716545548115 3.916370395881956 7.883927485149113 2.339460800926749 3.209106407862566 4.009821126821959 5.707348954038418 2.247713713830557 -1.811538547443883 -2.599438565975448 1.493940214041553 0.6066506168322404 4.056823323403018 0.6736669743109138 -2.924362569210095 -4.867018158580197 3.423070084208592 -6.639598735704223 2.032222808079541 0.5472905483898602 -1.996924315984406 -6.398599141458734 -2.720848465155962 -2.995343318976842 0.7753458687025181 2.858254520883809 0.6300308742312191 -0.7288042206173738 2.156849019322993 
-2.722149841571103 -1.545561431318895 -2.936511956445002 2.275800318060297 -1.626093490083583 2.473688642666859 -1.413895360783179 1.867816218487805 -2.111965654109737 -3.607970845298233 2.015397817917164 -2.251847396436265 0.59177061141191 0.05914757236480345 4.54522346073715 1.910575268371229 3.560137880627072 2.009897914398293 -4.132832710809728 -0.5214359446471839 -2.861811713157801 7.71475544059444 4.629537700445577 -3.876357377581987 1.60418805895787 0.5686286325356295 3.085284488386426 -1.802967071018181 -1.749754648814826 2.09346679537225 -1.555656416288801 -3.087534073316953 -0.009714166277913994 4.943938356824418 6.031148174121596 2.535501299498289 6.788671651479492 -1.933260645937577 4.070509041482613 3.349532283468355 
3.293726607573429 -2.127540481617175 2.769146491787712 -7.864813690600183 4.43412417483311 -4.145934811642284 -6.456103851800718 -6.159294780700889 3.758103922326629 -6.527730926728139 -1.342098034354562 1.113589743248954 1.764069746537916 -1.325004466965555 -10.29664137902928 -1.194686020490111 1.782692244030732 -3.987338825361728 5.780600051045738 2.297785492960625 6.502261132638274 -5.651197027598697 2.16012360407076 0.5518674101966691 1.812073500116196 -1.865958855127516 -0.658181072116421 0.6379766620700701 -2.747769419168016 -3.868177715713716 -0.5623451511277617 -0.652994432477404 0.110532614174178 -5.618844976653852 -2.051201694182146 5.763479047081759 0.8472691949332969 7.298237468108978 -2.03284734082453 9.166747350047888 -5.070102922800039 -5.087973495333472 -0.3976499708284045 -2.606799505283664 0.5736725056801544 
2.891598886747885 -8.505855123713175 -4.245931019158419 -3.213264270940791 -1.40736058482521 -0.357616240512879 -5.093084258285228 0.3788150731900917 -5.311400017328685 -3.374712364538396 -5.632190841833892 0.9823193217597445 1.726669016530736 10.72102392493088 0.3521075633998653 -3.178903920080887 1.909808590361818 -6.650042176725392 -0.8490661397105691 0.08473675625708132 6.424911803188754 -2.380025085940963 6.686416523816892 -5.497088825065783 5.429499753067565 -10.42543529989419 -1.396554877258726 7.667481037201148 3.973266711490171 2.205590398392415 5.842929035755208 7.680502326898268 -1.881553643958696 1.121883860471469 4.370081958660075 -4.942064218389387 0.5100824369606614 6.244595760091335 2.83831873649582 7.570144097687155 -0.8778023782920664 -0.8849349396408254 2.449321408084107 -1.714543568541075 2.915773865990628 1.868342282074928 3.938020195954984 -1.303525943842465 -6.362815941816891 0.005698717632760142 
4.413166884232087 3.00655636905846 3.96145263947428 -3.347440698674125 -0.3706389524263777 2.498127979987457 -10.24589830631903 0.6152387751947467 3.324986048006132 7.022968407007451 3.319780255480709 7.907330058399006 -0.2121305996355104 0.7671447078030782 1.783320327194075 5.738945782940728 -2.709259465633968 2.197193434528756 -2.73070525356456 -7.439950321004061 1.648355383398058 5.025316697666219 -0.8553452529489534 0.9070763888313813 -1.380699220228379 -0.746969660424344 1.543303468630478 2.146011251814094 0.3880887482279117 1.900985892964988 -0.5194407203678139 1.28645658021046 4.014092617258125 4.841656592641772 1.014702494747929 3.806379858501281 0.6237745751317411 0.6138283966518705 -4.523622420239551 1.313357772213967 -7.100952532071798 -2.771200291450229 5.725043568508943 -7.250946370670946 -5.166692299935854 -2.822935832757317 -0.3101601222004824 2.128925288206677 -8.708828136373233 -1.486793208860738 -6.545065697171229 -4.407055809537392 -7.133626648432022 7.48090147401961 -4.582593820324182 
4.654901311693211 -1.745799430614043 9.407364230244262 -12.15851457626816 -0.5699865651033297 -2.115987538586688 -0.3379211348123561 -4.653605649290819 -1.455864802095857 -1.398512972097499 0.8803501815992874 -5.089901703138013 0.3153603255180014 -0.1391658095934724 9.143708468353818 -1.854579875145214 -3.389378097740594 -4.459809492915049 2.174166815376139 -3.338541752969642 -0.2477604457929854 -3.073689080974015 1.091544835260863 2.705014982406863 6.374949313982661 1.820494523373048 0.04696172441971469 -0.3505702341164382 3.321439682086524 -1.534833346776089 0.4120787191939193 -5.784766527520849 -1.672164426460571 3.183078599214552 10.12640719683435 5.737248415662833 6.272616425452235 -1.201045781872529 1.225078291730814 1.746429072906535 -4.915380684168206 2.344215363407359 1.624753611374576 10.51780356676946 0.4901193920284104 -0.6610530448251326 -8.079968902060758 -2.19441898469642 -0.1528940870556932 3.314208001477063 4.589032154737282 3.922892738856041 2.927745975397991 -2.180173871754374 4.637315264396232 -6.82084174627796 -3.496695971088918 3.541366181739345 -5.993934993194215 8.026844867764423 
0.2942610973501713 -5.864964369162855 -5.670679668888544 4.110165399210005 -10.43567409264079 5.016408595570653 5.813708877573998 -5.347340629406412 -2.005723340510502 -0.2410244536936031 -5.338451508823438 3.254173285557208 -4.448410868278009 5.128606984632778 1.200201651281877 4.500258316685245 3.650539915201574 -1.265028199761242 4.15624875087467 -3.007765333076104 4.982973419281683 6.325219560660334 -4.162641035095075 3.692582903821584 -0.2377028249712988 -3.034010817202653 -2.03086553306571 -5.165841795915825 -4.270898087235305 -4.007921779671527 -2.544504172244042 -1.866884430191603 -1.895036462894264 -7.938996837621327 -5.484724536931632 8.566745177512253 -3.516782126684368 -3.034188280374701 -0.1792991658401045 0.2911852373038665 6.497238864702172 0.3967572157123415 0.6112607251588478 0.2265324190278359 -2.114297151066172 5.286032724338201 -2.404495726923889 0.4037838605933869 -1.725553660801762 -9.060572620133556 4.815656530718078 2.491433569322309 -0.5315717286926132 -1.417883306725421 -7.790736154554314 1.020597232356316 -2.218202882377335 3.562300928301491 2.701711285532544 -3.563747323286563 -1.292571970917391 0.3136913243317422 1.527750466137006 -7.294147365677735 10.20474668505975 
3.160810868945246 1.763714513769988 10.08053261386682 -9.287363210085758 5.307089980823822 0.0306594234568226 -0.3538132562784024 6.525522630778706 -7.478049015572514 -1.3106350400181 4.526384574000776 -2.909771596902614 -0.1653697392957879 -11.27945404967399 -0.4950140758859575 -3.219690544921776 4.477554245402543 4.691483106785831 -2.059735818567565 -2.842441152204674 7.197189602833815 3.615582199002999 8.111467028960346 -8.584063759649631 0.1399677179608467 1.364465030111139 3.134133342121332 -2.130116802830875 -8.110489058215574 -2.45486915097554 -7.572728718422876 5.020664128683205 -0.8715800112076428 7.580345153733762 8.778144014690074 6.003961298245641 -4.384593883864748 6.082266607640435 -13.56083917766391 -1.706591139966955 4.673769419527529 0.1138349735876484 -2.282534023623203 -0.8500611491104635 -0.3373384582585287 -3.748005931795332 1.972168810742918 -1.522273063813558 7.894545956579282 1.181770724565194 2.313517745943257 -1.563115968187316 8.850702383351225 -1.807990389550271 -4.356394877972387 -2.150866256114185 9.275703623180224 -7.608190751430483 0.2006572783689364 1.25932808599073 1.196042387409004 -4.999052896100603 -4.323304334422161 -7.822551148840731 1.975872426107008 3.260424492805391 -0.2342957747854285 -3.347040413220861 8.426363480957905 -1.188035584904306 
2.026835415194683 -3.817613262948756 5.814939857538381 7.220158781954807 -1.014965136293515 8.30998840563946 -5.719177521112234 -2.136669637304435 -1.661498817917921 -11.48249447371376 2.271606945210281 5.740662954139245 -4.394326809055573 0.7498664776791021 0.6206331571507764 -11.02765094498607 3.189155394489669 0.5718954467848919 3.403514577381152 6.835960171790662 -8.436507723791228 -0.5803397927138177 -3.137260635733384 8.476471704033321 10.34451742558692 -4.492545383015346 1.914357304951158 0.8623373715948743 6.812004606911827 9.330820173304584 -5.690703707996291 -1.27682044303765 5.696496478185709 2.651063103620424 2.948912335531702 1.862490673853374 3.724447018127268 -1.598804969977316 -2.953876340096767 3.021154396565051 1.537158642608341 5.174650484434792 -1.919355947516877 -2.133269867711495 -4.731066241325927 7.338806586051002 -3.711252432249627 -1.556735828223175 1.24707707035896 2.382849943890305 0.7232446380307461 6.48758579877701 5.184718139006979 -3.883105093885517 -3.560082971153328 3.542573263439186 0.3199894554065176 0.4938103285244465 1.272494809653005 7.771239259433811 0.6463392943569054 5.421235037630601 4.183184098424288 0.3487860436489534 1.287113808098633 -2.741697712018674 -8.612173283264152 0.2574607037820138 -2.990496779984306 4.110684050879697 1.126018521025567 4.250279321386782 -6.315646731209502 -6.825927395515015 -1.702606640128566 
-3.510354192053877 -2.485253729953606 -10.28331601909856 -3.480493035270892 -3.311347079585175 3.43638876987438 0.9328793010162134 -5.093453261497888 -1.774545746720872 8.279662843518379 4.287691432850485 6.899854719619313 0.6607320039271156 6.982222976146955 -1.12359075110394 -9.613845364522154 3.624181053326773 -5.578956103779617 -0.5232753873360441 11.68296218190956 5.200295118000878 2.134446752227755 -1.565658619103583 1.796823710987252 1.792659522911379 -1.151516756648799 2.075454077574399 3.717023124089872 -3.560712392708897 -0.1075105794759717 11.64514059786599 -1.092656254049023 7.53084545578523 3.571856189142311 -3.457682094719332 -3.265783324008936 4.311731095702723 0.2951856730441392 0.264390052111881 3.720396042014112 0.4595713857661617 2.292306343369381 -3.718703993844088 0.1639014904239903 4.847353873156083 -7.186576895710881 -6.550142041927871 -3.015564846845563 -0.6156980281418868 3.107400470869482 -5.739339490992523 -3.136266273642184 3.873188610575715 2.292657829197901 2.061616821268929 0.6127144305409914 -0.2191663766917724 -0.7157380449518347 5.047918255741606 -1.580381481256683 7.562991843251927 0.2592803723543879 3.34804850291334 -8.577444151791264 -6.146625078352641 -4.708457595453151 8.777370364374322 3.737639922865053 0.0854839255931453 3.110195421294248 0.5121543780315336 5.557393884107652 5.663313620964205 6.480388259742967 2.400750913853889 -9.401531019560403 -4.911987370897413 -2.365598402443624 1.338142735123772 10.6382310599764 
1.346600665221544 10.36761403883438 -3.247245514052701 11.16687157184673 -3.854257410168067 -2.988979205258392 6.014448501060266 -2.235154134990868 -7.973448655528612 -4.866471341996824 0.09513541655570348 -2.490233064092561 -6.763934641570536 6.312334047455153 2.861857644133927 0.7729923213383005 5.453001394352295 -1.432262352028155 -4.330361309674037 3.929793255404561 0.7312234209169548 3.012058953087302 2.482681773183872 -8.26999580410777 2.371336306002749 -1.181503747448409 5.313302655042611 -11.11525127384088 5.89653930878602 0.5147472517203004 2.875810844137959 9.931031101498045 -0.5566778899035558 10.79373384485722 -0.2003243223339919 11.22224601627577 -5.579998564166859 -4.428282324673745 3.983993399895227 -4.007041018859645 -5.089816322655141 -3.758381113881522 0.2509390360580104 -4.635795406859357 5.311305997370313 -4.512355210444628 -8.55871937300461 -2.656335784090317 -1.104371799161524 -3.954385086546325 -1.361855488456261 9.613834928415748 -8.159872176333399 -2.561974257214877 0.9824902773837838 -1.242347037618153 -4.425479779781187 -5.687059155126785 9.929251933959774 -5.615626801832074 -8.066952398722478 -6.711631411467262 7.950155556615817 -12.38525053150354 -7.055246292209031 6.728228842352689 -0.4971407680960752 -3.696513731058096 -6.966433542056174 -2.819078875085413 1.925547191626581 -10.31793797674152 -6.376438050407574 1.146339578893321 5.105072775803841 -6.434351483568992 -5.090921620417752 2.6300290058841 -4.809702499633019 2.014355957338274 5.089261613562559 -12.67928927971325 0.2618636863647798 -3.604010289361994 1.749762987454778 
6.591324553317017 -7.036122080181284 -4.309010465630205 0.9090952980894211 -9.288346931167073 -2.694225430547808 -4.838246839592823 5.992371644895289 4.710196188378339 -2.613898353491532 -5.172914349419891 0.2673086897237044 6.923123638059592 -2.818135392389206 -0.8827934468803367 2.965073458933394 -3.04608487447002 3.905222766822225 0.8771814183185358 -8.633234246639864 -2.561957690769124 10.63382540806021 13.62476807942249 0.6030079388295042 1.503026299950264 -0.8466845876299307 8.213568410096464 -13.74160820273083 -2.425081861894408 8.257453384071146 -4.80539368230381 -2.013528919422749 3.764737412395254 2.727126466327321 -4.387772350256306 -0.4310373198527437 4.636269584230336 -0.4383517721513169 -1.187153613299178 -4.620298489240456 3.229122801276652 0.8422475873452019 -1.139686922898974 -1.301672306931237 0.3202910220922279 -7.229516936831598 1.190037637126211 -6.080270739777879 1.921936661115925 6.902353334916573 8.864239359205969 1.887425180905714 5.07082785172692 -3.346883816673355 -7.32069436805827 -2.330635680080665 -1.962599006412449 -2.713600512416644 -1.573742018251836 9.723682201945318 3.711554749627147 -2.614479618074164 1.554635348755473 6.789216085594302 -0.4573828229525142 -3.273129309089175 -2.8355475716387 -4.718963400708944 2.80667366213952 -6.517658062950857 4.321448546024471 -8.130854127486467 7.071561203117896 -10.66244196997443 4.275600743940801 -1.321766436065908 -4.01566705176629 -0.3084662159285165 8.378369903631166 -4.677855088592718 -9.290124330947201 3.437529532702569 7.953774817877163 -4.43782768867684 -5.962880586627167 -7.843388788853098 1.540591071020662 -0.9505913099287928 0.03300438350278148 6.588194827873299 
12.21450958483447 1.455597769096303 -1.726059966105854 2.570646219234893 -7.979769936970267 -2.894428744341952 -1.687130591928349 0.5174320385871914 -0.8841282281497794 -3.370303725688401 9.833674534094147 -0.1208397953174883 5.915046490330011 4.014917335107508 8.039268758593213 1.959234414088844 2.032446856987452 2.904945150558316 -7.079678587369826 -5.36565385118605 -2.58571286657146 -3.583228904666629 -5.812981155440235 -3.966021187788377 -0.5163351232393654 -0.2344138727645862 -2.383691819611379 -2.503204623716898 14.68004540891934 -2.445100634051534 4.564968154009402 3.145322445506665 1.03003066597478 1.374743248148606 7.636117264577129 1.897915582077272 -4.840652627097365 7.485235197365898 5.50180789453943 -8.420832049314258 -7.355894764478682 -0.7325639124736222 1.397393479181137 5.812087660808911 -4.360179052999464 1.453404500953826 1.443838753712108 -3.20728665639742 2.228943259265735 2.020817972073147 -1.740655842125989 -5.132470624020644 -1.028200481197366 -5.064995992474595 3.54656111903762 4.456830078139129 3.36788814845477 3.748464873661752 -3.072283792419671 0.008505762019301588 10.76169144962835 -7.48801907182659 3.202726488635347 -1.884976287298824 9.309298667952609 0.005828761484367171 -3.89163900498505 -5.187499614234286 3.717229598799494 7.684086521724426 1.114829263962632 2.351795144281145 -4.884204252926367 -4.109227172287866 7.389400308345637 2.34483208467315 -0.09520303097612581 -3.768957463677397 -5.688227551982384 -3.099647272735852 1.81220183116105 4.373988174195397 -4.980334780402329 1.962312170423648 6.730777729785556 0.6972739965201931 0.9996331948427691 0.2831323967144072 0.2408377065314927 -8.144466123159397 8.592719788561894 2.007180783518265 -4.38429276424116 -0.589410578852785 1.723708367187386 
