0.12064543412861 -0.0183031293522399 
-0.759130663823386 2.40905368638536 1.03738699029797 0.52845045179162 
3.05185825520265 1.04646796013952 0.907164854042893 -1.77430522543653 0.54055533864919 -1.36878425187985 
-0.640184168209754 0.642041782111107 2.12402982664731 0.361615393743691 -1.01298877058465 2.70899186263021 -0.449696197025731 0.145478481363762 
1.22513309782144 0.897358196200233 1.15291280871343 2.51159382360171 -1.14947969201171 -1.72221394562249 -6.30930319818211 -1.40859230430486 1.95160764512329 -2.62001230428588 
-1.0427973435483 -2.53499534066734 0.272558385612258 -1.85174390304525 -1.93021547670594 0.332824419856403 0.437988075938595 -0.751559204824723 0.414600695349807 1.13953112733777 2.40252380575762 0.115579158514881 
-4.16350559828745 -0.83074059950671 4.26089078884371 3.09393883988436 0.560536081653192 2.80523456916911 -2.16739496237492 -3.79172986840543 -2.65685687876823 -0.315410025786646 2.57574992605616 -3.00871949310599 -4.57773318490411 0.724052966396467 
-2.65799776081299 3.23206243776889 2.24208647491143 0.960122499268492 0.563108339258482 -0.354519254918557 3.51152860748329 5.65333061387928 0.415815186172934 -0.827196356200803 0.435604869728105 -1.25716846672396 0.578403168964832 -0.284886995394941 1.19790888294451 3.48395935192344 
0.126331976769583 -3.42394646660582 -1.17928837487814 2.59938849594917 -0.0753215776752612 1.70162648343629 2.31964080562833 -0.796516928576784 -1.35492301627982 2.04036296083279 5.00804840629204 -1.5183519285113 -1.59754416258698 -2.61444702351995 -1.90489377939499 -1.62686969424171 -2.41488616127947 0.981539999343322 
-5.41779989331589 -5.602489405445 0.985896275110905 -4.33247429384184 -6.44275665661086 0.505476195721408 -0.863102444837543 1.67661328693084 1.11461506066658 5.40184035674462 -1.17992448839484 -2.09854822639191 1.9595387395204 -1.3225883746791 -0.185857955553677 -4.0137342978988 2.00169846351147 -3.511567207572 -4.49193395757294 -2.31577240316611 
-0.712259273893679 5.61286074745384 1.97657055831658 1.30099423477163 -0.440579285252335 -0.852772504506709 2.0204487145939 1.71020476731418 3.16863832689147 -0.817415240507374 -0.557664968607684 2.45717477700581 -2.48979849828834 -0.598847213622317 -2.08806581924992 -1.26830540261656 1.46130683342305 2.78132176019396 -3.59026943734621 1.15829850462498 0.728694763976482 -1.34279738573979 
1.91877091177898 -0.715206750737885 -2.15874503492924 0.781260471702566 1.83575679205485 -4.82339850945521 5.47122398639466 1.29550974930769 2.47368564735064 -3.52300208987851 0.443042493229541 -4.11819419996524 6.37830160185274 -0.689223785214838 3.73963844515896 1.61997000010121 -0.889448365195294 0.107577711441852 -1.15622702179279 1.18043997337451 4.39613133898685 1.89740202784715 -1.02937011585621 -4.48139953847859 
-2.2884202931299 0.14944489288242 -1.86448788383367 -0.335841740843361 2.1755470526182 4.97430620450258 -0.229818259495903 2.85392688596479 2.53401576236169 -5.44409815312593 0.423963232366772 -6.90883552705521 1.20891410688497 -1.65264187369979 1.99744295554617 -2.20702351190695 2.20771339023209 -0.635186769966939 1.59143851038327 -0.665975295650774 -1.81063603426563 3.96829260518391 1.63269830391123 2.46409018165437 1.64506189071667 0.922501957198386 
1.24164698769836 2.53514913003727 9.30971911218205 -5.62367665921325 -2.7822114659738 1.36724281521318 -0.513144259256339 0.680293257365582 0.498734493334797 1.37038132170208 1.24696751499185 0.0569116619469288 -2.36345135121075 -4.5800467574636 -1.53864606578827 4.18575901139231 3.68763005997611 2.87618126211596 1.74220859970952 -2.21844797580325 3.50095930636687 0.891591035219368 -5.10600209780734 2.26758310949344 -1.21768090754587 1.30872397052628 -4.52271596918911 1.23110185215239 
-0.341929803015329 1.47858939446133 -6.76894256719494 2.58969013704279 -5.06745661587391 -2.09019114140091 7.95134329356508 -0.95977571318053 -0.280806406073106 -1.65430822324884 -4.46321752756896 4.57217696832271 0.590177999171592 -0.894653809384813 -0.467724696116484 0.514996398509458 3.07402295441769 2.01956130932123 4.10509276879449 1.0029115786872 -1.30148268739499 2.67973500158016 -8.80434426544368 -3.48406353416267 0.306137465609989 4.93054209563531 -2.32807269715165 1.09515247756393 -0.974358404593584 1.06540436602675 
-2.40172254376757 -2.57813407482262 5.26046878921064 1.82013114382933 -4.21063719141142 2.78629233657222 -2.13996500764673 -1.4061810412207 -4.50650412938383 -0.474283754998709 -0.192021966129123 2.79838596305259 -3.82806316588034 6.12463746789513 -2.67349372376798 -2.16535317378141 5.61926637461582 0.00777791973759373 5.78893898438322 3.05030469942696 -1.44269138274693 -5.50440536551702 -7.11510402368586 -4.24733806708849 -2.73602573522046 -5.04262146744679 2.12082394417113 -1.79848766316567 -0.580965522281362 -4.69548189677867 -4.13502732386409 4.17713616846018 
2.71544927076247 -0.319122763080781 -1.45047288084426 -0.762870062784817 2.47214946738942 4.29605891948686 -0.488742504026742 -4.83933920794632 4.8095704831198 6.74608009714555 -1.00738826132352 1.97035503687089 -1.94947579027705 -2.41788394378895 0.226222125316954 5.70487818232894 -1.53906761183957 -0.349902155658017 -3.90988828104781 -0.270776258150188 -1.35801343006095 -4.42959454234534 1.86238342830723 -0.716120743167497 -0.958789196098192 -4.35524917138223 -0.00031239024595886 3.08860779917996 -6.59421764691685 0.455061331805196 -7.12867754686906 -6.96499543541657 -3.40120990787755 1.94115261122247 
3.29676608700819 -2.97719012587788 -5.14997548204215 -1.45717830786519 -6.92440667654532 6.10278666217244 -1.75256063236021 -0.561147843323566 -2.03535284367261 -0.380652006742788 3.40964612658965 -3.01186111412767 -5.62450604513629 -4.63314867894973 0.188837607831348 -6.71393022259431 -2.32566162779441 3.12331183463436 -8.4310485820927 4.1555087280129 4.33064989106787 6.80747092478634 4.63238373703156 1.90876658541912 -2.95317743018538 -9.27511469334497 1.31901572802638 -2.14994394460359 0.803480886034542 0.454921010181682 3.53440816461953 4.94935142597715 -1.59161349049779 8.04254090964656 4.07313957549825 -7.33849101700708 
