6.659666E+18 -2.562026E+18 -1.993612E+18 -3.412675E+18 -9.109281E+18 
2.465749E+19 1.014373E+18 3.086918E+18 -4.104367E+18 7.665094E+18 5.517418E+18 1.272647E+18 -6.505033E+18 6.301399E+17 1.964835E+18 
2.166088E+19 -5.032312E+18 9.657273E+18 5.830682E+18 3.522301E+18 -4.763544E+18 -3.921933E+18 -3.121024E+18 4.271466E+18 6.545816E+18 1.576486E+19 5.311533E+18 3.06751E+18 -3.446497E+18 -1.011968E+18 
2.577819E+19 1.116272E+19 -2.617819E+18 -4.644922E+18 5.658907E+18 5.375521E+18 5.173706E+18 3.840048E+18 4.778318E+18 -2.974888E+18 -1.165426E+19 -7.320998E+18 7.392822E+17 -1.536206E+18 2.400192E+18 -2.591402E+18 2.750633E+18 -7.372178E+18 -5.781471E+18 -1.697174E+18 
5.172711E+19 -8.192991E+18 -9.5094E+17 8.710574E+17 -1.132648E+18 8.48445E+18 3.233755E+18 4.133662E+17 6.766429E+17 -4.198473E+18 -5.062564E+18 1.566358E+19 -1.197512E+19 -1.232977E+19 -5.764705E+18 6.080902E+18 5.024607E+18 -6.811439E+18 1.520932E+19 1.185779E+19 -1.306851E+18 1.457612E+19 5.317531E+18 5.246241E+18 9.316389E+18 
5.417232E+19 -2.192514E+18 -5.150012E+17 5.473597E+18 -3.532824E+18 -1.239121E+19 1.033528E+19 -3.034643E+18 1.215661E+19 -1.832707E+19 1.72186E+19 2.825126E+15 -1.564605E+19 4.938582E+18 -2.360141E+17 -2.115262E+18 1.009635E+19 1.80645E+19 1.720032E+19 4.772272E+18 -5.714974E+18 -1.013488E+18 8.375445E+18 -1.484232E+19 3.022188E+18 -7.510359E+18 -8.308202E+17 -5.731446E+18 5.280455E+18 2.05963E+18 
4.762798E+19 7.512686E+18 -1.897627E+18 -3.480366E+18 -1.392915E+19 -5.272151E+18 -7.748217E+18 7.625317E+18 9.134772E+18 -3.585379E+18 -1.482428E+19 -2.311878E+17 -2.051737E+18 1.825417E+19 2.195043E+18 -2.545594E+17 -1.059787E+19 -1.048313E+19 -9.111319E+17 3.035491E+18 -1.340592E+19 7.644892E+18 -2.489138E+19 -1.175733E+19 3.054276E+18 3.795701E+18 1.336499E+18 -4.313281E+18 9.158045E+18 -6.441198E+18 5.02254E+18 1.275407E+19 6.861036E+18 -2.274128E+18 -3.557837E+18 
6.478948E+19 9.206578E+18 9.978035E+18 1.683128E+18 1.201101E+19 -4.196333E+18 2.839771E+17 8.213035E+18 -9.513406E+18 -6.168425E+18 1.304235E+19 -4.973196E+18 7.183598E+18 2.699455E+19 -1.569609E+19 6.990362E+17 -3.622594E+18 -4.642218E+17 -4.924848E+18 6.85037E+18 2.292986E+17 1.126293E+19 1.508528E+19 -1.214629E+19 4.121768E+17 5.746314E+18 -9.204318E+18 -5.61349E+18 1.445083E+19 -3.615055E+18 -1.948069E+19 8.093942E+18 1.503208E+19 -8.659673E+18 -5.780602E+17 -1.157764E+19 2.10517E+19 -1.086155E+18 1.41505E+18 1.45559E+19 
9.40691E+19 8.037087E+18 -1.553516E+19 -5.180519E+18 -7.307774E+18 -4.788686E+17 5.389824E+18 -1.79097E+19 -8.051435E+16 1.069423E+18 7.44406E+18 1.938475E+19 -3.388643E+18 1.474233E+19 -9.005594E+18 -2.170841E+19 -1.488599E+19 1.532962E+19 7.635648E+18 1.635519E+19 8.002048E+18 5.633532E+18 1.62649E+18 2.181753E+19 -6.13256E+18 -8.302915E+18 1.806845E+19 7.252944E+17 7.118843E+18 -4.200921E+18 1.206105E+19 2.487383E+18 -2.599855E+18 1.00274E+18 -2.95428E+19 -1.07555E+18 -9.972163E+18 9.444835E+18 7.286083E+18 -2.199867E+18 8.918283E+18 1.578282E+19 -1.839601E+19 -1.843735E+17 -6.97127E+18 
7.014349E+19 8.35625E+18 -2.736573E+17 1.347582E+19 7.908941E+18 -7.288848E+17 -1.830679E+18 7.510289E+18 -1.950076E+19 3.160606E+19 -2.775843E+18 -8.68315E+18 -2.8632E+18 -8.391504E+18 5.999974E+18 4.59863E+18 -8.807942E+18 3.026514E+19 -2.880468E+18 6.35629E+18 1.130451E+19 2.765859E+18 1.598214E+19 7.720268E+18 1.285037E+19 -5.249367E+18 -6.811698E+18 5.926359E+18 1.326996E+18 -1.167696E+18 -4.412759E+18 4.478114E+18 -5.90029E+18 -6.038751E+18 7.446973E+18 -4.438186E+18 1.272866E+19 1.743496E+19 -8.858258E+18 -1.313974E+19 4.504086E+17 -2.109149E+19 -1.80229E+19 -5.504118E+18 1.591833E+18 -4.500624E+18 -2.185331E+18 -9.77295E+18 1.554164E+18 9.150487E+18 
9.217787E+19 3.52899E+18 -1.696146E+19 -2.640948E+19 4.348882E+18 -5.306029E+18 1.721282E+18 -6.940368E+18 2.036265E+18 2.586939E+18 -8.9206E+18 -1.380369E+19 1.127175E+19 1.362013E+19 -6.988311E+18 -2.816679E+19 -1.061202E+19 -1.493554E+18 1.055291E+18 7.639424E+18 1.198209E+19 7.67237E+18 1.632447E+19 2.525589E+19 -8.036372E+18 -5.232369E+18 -5.914644E+17 -1.699991E+19 7.767837E+18 2.394315E+18 -1.472567E+19 2.215389E+19 1.44816E+19 2.68509E+18 7.457549E+18 -6.757874E+18 1.452248E+19 1.799034E+18 1.004786E+19 5.297201E+18 -1.430895E+19 1.060802E+19 -2.008298E+18 1.577119E+19 -7.406152E+18 -3.363896E+18 -1.210381E+19 9.223501E+18 2.623486E+19 -1.442442E+19 -1.937462E+18 2.980996E+17 5.774785E+18 5.221671E+18 -2.951295E+17 
9.211674E+19 -1.152785E+19 3.209566E+18 -9.889307E+18 -3.71573E+18 8.308564E+18 2.02721E+18 3.160518E+18 3.511111E+18 -1.014439E+19 7.306008E+18 -7.370513E+18 -6.255943E+18 -1.53854E+19 1.688483E+19 1.14647E+18 1.731085E+19 1.731895E+19 -1.138307E+19 2.000714E+19 -3.398911E+18 -1.468463E+19 1.62416E+19 1.455253E+18 -3.480772E+18 1.166789E+19 1.105463E+18 3.172168E+18 1.672128E+19 2.009434E+19 1.165509E+19 5.608952E+18 -4.49486E+18 2.365847E+19 7.181225E+18 -4.804379E+17 -1.232388E+19 -1.457719E+19 1.523291E+19 2.869007E+18 -1.777694E+19 9.569376E+18 -1.430506E+19 8.676641E+18 -1.870143E+18 -1.509885E+19 1.482559E+19 3.496003E+19 -1.412464E+19 -5.879342E+18 7.817535E+18 -1.798896E+19 -4.423939E+18 -5.74591E+18 4.21034E+18 -1.792494E+19 -7.640199E+18 -2.930653E+18 -8.246769E+18 3.161187E+19 
8.781231E+19 2.301466E+18 6.958886E+18 -5.229952E+18 7.057481E+18 -5.246789E+18 -1.804992E+19 -1.009894E+19 -4.82491E+18 2.244768E+19 6.238584E+18 7.400895E+18 1.872746E+19 -1.726203E+19 1.140974E+19 -4.991973E+18 -1.897979E+18 2.590527E+18 6.518681E+18 3.312766E+18 6.326935E+18 -1.366496E+19 2.284874E+18 1.161166E+19 -4.830884E+18 2.016874E+19 -5.198128E+18 7.666433E+18 -2.896081E+19 -1.594639E+19 -1.799523E+19 -2.211274E+18 -3.553807E+16 5.72231E+18 -3.412228E+18 2.357952E+19 -2.319594E+18 -1.609604E+19 -1.507757E+19 -2.557506E+19 -8.22409E+18 -1.037498E+18 4.946394E+17 1.311103E+19 8.199257E+18 8.864294E+18 -6.363651E+18 4.152346E+18 1.191978E+19 1.343371E+18 -1.736962E+18 3.483007E+18 -1.984432E+18 -4.87304E+18 -1.981405E+19 3.116397E+17 8.094041E+18 2.546324E+19 -1.050374E+19 -3.889782E+18 -1.580807E+18 -3.984103E+18 5.330027E+18 3.346874E+19 -1.032845E+19 
9.378339E+19 -1.931565E+19 -2.287936E+19 -2.16335E+19 5.876434E+18 5.573493E+18 1.947684E+19 -2.009507E+19 -4.385147E+18 -6.455548E+18 -1.933023E+19 -5.30829E+18 1.494771E+19 -5.40532E+18 1.051318E+19 2.139298E+19 -1.096834E+19 1.571617E+19 1.091366E+19 -2.738302E+19 -2.118726E+18 6.371234E+18 2.618921E+19 1.165218E+19 1.820904E+19 -2.30458E+18 1.408143E+19 -4.838723E+18 -2.793814E+18 -6.7763E+17 -1.148963E+19 1.540111E+19 5.127471E+18 -1.397713E+18 1.609204E+19 -2.510408E+18 -8.724643E+18 1.457218E+19 -7.265622E+18 7.900172E+18 1.634774E+19 5.833506E+18 -1.941254E+19 5.084338E+18 2.331553E+18 1.936467E+18 1.506874E+19 -1.251834E+18 3.507363E+18 9.010747E+18 -3.814374E+18 2.719774E+18 3.474139E+18 7.281418E+18 7.305279E+18 -5.954387E+18 -2.045663E+18 1.726964E+18 -1.129099E+19 1.972344E+18 -1.385502E+19 -2.298378E+18 -7.240434E+17 4.246421E+18 -2.575561E+18 3.347966E+18 7.645589E+18 -1.677704E+19 9.039827E+18 -3.545377E+18 
8.238216E+19 5.619845E+18 -9.724248E+18 2.529999E+19 1.674596E+19 -1.968669E+19 1.237755E+19 -1.39669E+17 -2.266087E+17 -1.608357E+19 1.470602E+19 8.973819E+18 2.078965E+19 -1.326501E+19 4.390195E+18 -7.104876E+18 -1.333821E+19 -7.707602E+18 1.28746E+19 5.551092E+18 1.045518E+19 -2.87469E+18 5.177533E+17 -1.491358E+18 3.928987E+18 3.012742E+18 6.868268E+18 1.616991E+18 1.541064E+19 1.020919E+18 4.369037E+18 1.815027E+18 8.837083E+18 7.906881E+18 -6.207668E+18 -8.830459E+18 5.351218E+18 1.276572E+19 -1.7244E+18 -4.169323E+18 -1.19823E+19 -1.628623E+19 8.566897E+18 -9.22621E+17 1.055231E+19 -1.266296E+18 -2.411632E+19 -1.231366E+19 -3.890853E+18 -2.049353E+18 9.491079E+15 -9.437968E+18 -2.608602E+18 -1.397616E+19 -8.668963E+17 6.690528E+18 8.785622E+17 -2.339351E+19 -5.329464E+18 7.039231E+18 8.221341E+18 -9.153759E+18 1.281573E+19 -2.568853E+18 2.523533E+19 3.82804E+18 -9.575877E+18 1.130299E+19 -4.043849E+18 1.330649E+19 2.471633E+19 -2.032135E+19 -3.405463E+18 1.250432E+19 -6.777508E+18 
1.340432E+20 -1.481714E+19 -4.20184E+19 -6.77635E+17 -1.4031E+19 7.583057E+18 3.540194E+19 9.660728E+18 -2.553048E+18 -2.22502E+18 -1.023389E+19 1.964291E+18 -2.171256E+19 5.350456E+18 2.217583E+19 -1.024519E+19 1.4434E+19 3.475729E+18 -6.642504E+18 -8.388579E+18 7.96559E+18 1.009069E+19 -1.981257E+19 4.125134E+18 1.924456E+19 1.845107E+19 1.434624E+19 2.644704E+19 -1.538303E+19 1.534889E+19 1.44387E+19 -8.674891E+18 9.647814E+18 -1.927645E+19 7.89349E+18 2.690577E+19 -1.755627E+19 6.407089E+18 3.365443E+19 8.689744E+18 3.301858E+18 3.041719E+18 -1.501507E+19 -2.517767E+19 1.777112E+18 -8.369502E+17 5.780146E+18 1.420556E+19 1.456565E+19 1.162378E+19 -2.061022E+19 9.961631E+18 -3.480211E+18 1.578319E+18 6.421628E+18 -1.486751E+19 -1.417735E+19 2.041129E+19 -1.887468E+19 1.215778E+18 -2.542777E+19 -1.162655E+19 -9.834318E+18 -1.722649E+19 -3.020349E+19 -5.529986E+18 -1.037482E+19 -1.503465E+19 1.506583E+18 1.628209E+19 3.765069E+18 2.355389E+19 2.872836E+19 8.690599E+18 -2.675967E+19 -1.202383E+19 1.227093E+19 -1.559644E+19 6.936675E+18 -5.083252E+18 
1.074064E+20 -1.974677E+19 -1.865153E+19 8.396717E+18 6.152595E+18 -1.569251E+19 -7.336428E+18 -1.934238E+19 2.219385E+18 -1.503092E+19 -1.482569E+18 9.493541E+18 -2.652484E+19 -1.622466E+19 -1.618296E+19 1.083454E+18 1.532134E+19 -6.231686E+18 6.219892E+18 8.231644E+18 -1.005081E+18 5.38291E+18 -9.030517E+18 3.194269E+18 -1.049479E+18 -1.512365E+19 -1.254946E+19 4.177845E+18 1.733735E+19 -2.542093E+19 2.321828E+17 6.620755E+18 -2.486773E+19 -1.239462E+18 -1.466587E+18 2.090681E+18 1.061382E+19 -1.191234E+19 -5.495411E+18 -2.922065E+18 -1.744377E+19 -1.2381E+18 1.734501E+19 -2.131502E+18 5.295282E+18 4.032686E+18 7.777653E+15 -8.984694E+18 -3.63811E+18 1.611914E+18 -1.333229E+19 -1.477127E+19 -8.59876E+18 -2.308585E+19 -1.960809E+19 1.360297E+19 -8.97958E+17 -4.417559E+18 -1.131437E+19 2.061566E+19 1.167295E+19 1.928814E+17 5.415565E+18 -1.966631E+19 2.596461E+19 8.789508E+18 1.498612E+19 -1.244275E+19 -4.750001E+18 -2.942374E+18 -4.535206E+18 1.326984E+19 2.170272E+17 2.754117E+18 -6.992435E+18 1.218896E+19 -5.46662E+18 7.12453E+18 -1.686358E+19 -1.389889E+19 -1.223314E+19 -1.476998E+19 6.221842E+18 1.699059E+18 1.518171E+19 
1.32314E+20 -1.186426E+19 1.956362E+18 1.280466E+19 -1.985092E+19 1.70016E+19 -5.302659E+18 3.822436E+18 2.422188E+18 -2.302648E+19 -2.544111E+19 3.844364E+18 -5.151202E+18 2.439571E+19 -1.278351E+19 -7.125313E+18 -1.012456E+19 1.052376E+19 1.832079E+19 -1.681733E+19 1.674007E+19 -5.982795E+18 -8.326729E+16 1.151125E+19 -7.189444E+18 1.051102E+18 4.830169E+18 7.47288E+18 1.513228E+19 7.107145E+16 1.613043E+19 1.138478E+19 -2.069282E+19 1.779765E+19 9.843515E+18 -4.360381E+18 -4.967931E+17 -1.553986E+19 2.215848E+19 6.739441E+18 -1.409706E+19 2.517313E+19 2.387414E+19 9.510267E+18 1.45393E+19 -2.003733E+18 -3.570851E+18 -3.597932E+17 2.524426E+19 -6.4722E+18 1.038717E+19 -3.176884E+18 -1.673531E+19 -6.385294E+18 6.243074E+18 -6.03769E+18 1.223328E+19 -1.508407E+19 1.918385E+19 1.485885E+19 -8.047862E+18 1.369756E+19 4.154447E+18 1.29979E+18 -8.871739E+18 -1.108261E+19 1.122861E+19 -1.565025E+18 -6.726434E+18 6.864676E+18 6.724946E+18 1.521412E+19 -5.432831E+18 -1.665599E+19 1.507174E+19 3.556386E+19 -7.847428E+16 -9.551927E+18 -1.76541E+18 7.263484E+18 -2.198844E+19 5.430293E+18 3.437136E+18 -3.572143E+18 -1.223348E+19 1.983804E+19 -1.956107E+18 -4.695606E+18 1.3297E+19 6.85021E+17 
4.207116E+19 1.068705E+19 3.548563E+18 -1.623125E+19 -1.284136E+18 1.578387E+19 2.2725E+18 1.709629E+19 -7.013511E+18 2.676283E+17 -2.021672E+19 1.673526E+18 -5.769497E+18 3.223551E+18 1.660974E+18 -1.376362E+18 -1.925665E+18 -9.022324E+18 1.469054E+19 -9.58974E+18 -4.530322E+18 1.59507E+19 1.008533E+19 -1.230184E+19 -8.135847E+18 2.703897E+18 5.807037E+18 -1.833194E+19 1.064262E+19 -7.942226E+18 -9.276234E+18 -5.351845E+18 6.669381E+18 1.560885E+19 6.607098E+18 -6.563885E+18 -2.745659E+18 -1.34708E+18 3.721981E+18 1.337506E+19 -7.334503E+18 8.077586E+18 -1.083011E+19 4.393721E+18 -6.665211E+18 -4.064317E+18 -5.018758E+18 -2.457423E+18 7.207742E+18 1.723129E+19 9.595907E+18 -1.167908E+19 -9.944455E+18 -5.856584E+18 -9.155856E+18 -8.097715E+18 -4.743792E+18 -2.338178E+18 -6.002625E+18 -1.913149E+19 -1.405042E+19 1.409095E+19 5.251776E+18 7.851186E+18 -5.897725E+18 1.128338E+19 9.255781E+18 1.865664E+18 -4.434819E+18 1.955513E+19 -4.851394E+18 -8.57655E+18 1.594632E+19 1.378494E+19 3.133376E+18 -9.5869E+18 -2.430021E+18 7.675321E+18 -1.140537E+19 8.877234E+18 -2.408067E+18 -2.527228E+19 7.86809E+17 3.304134E+18 7.893043E+18 -5.020303E+18 1.140099E+19 1.861927E+19 5.062931E+17 -5.476423E+18 4.969255E+18 -1.484066E+19 3.135363E+17 -2.603211E+18 1.155393E+19 
5.575865E+18 2.626266E+19 1.109788E+19 2.577655E+18 1.336603E+19 -1.930959E+19 1.766727E+19 -4.137552E+18 2.530588E+19 -1.642738E+19 3.298439E+19 -4.205415E+18 -8.723977E+18 1.479734E+19 -2.99095E+19 1.677473E+19 2.227314E+19 2.321719E+19 3.416399E+17 -1.807093E+19 2.633753E+18 -2.621865E+19 2.122602E+19 4.458465E+18 -1.213506E+19 6.643178E+18 -7.996457E+17 -3.148431E+19 5.808205E+18 1.397568E+19 9.566161E+17 2.900226E+18 5.965113E+18 2.908792E+19 -6.210079E+18 2.674521E+18 1.537039E+19 1.007197E+18 3.281758E+18 -1.947343E+19 4.771233E+18 1.769146E+19 1.960773E+19 3.973569E+18 -1.32834E+18 2.763739E+19 2.064791E+19 1.777619E+18 -7.853128E+17 4.178422E+18 1.161486E+19 -2.62598E+19 1.688453E+19 1.903136E+19 -1.709911E+19 -9.763711E+18 -5.377819E+18 1.763755E+19 -2.656298E+19 1.420976E+19 1.949339E+19 3.1359E+18 1.02228E+19 3.809048E+18 -7.406244E+18 -2.016186E+19 -2.482284E+18 1.243627E+18 7.494486E+18 2.83362E+18 1.041668E+18 -3.252935E+19 -6.372073E+18 3.840997E+18 -4.326773E+18 -1.445289E+19 -1.934087E+19 2.623279E+18 -6.090711E+18 5.465505E+18 9.17819E+18 -4.894965E+18 8.957975E+18 -1.257197E+19 1.367988E+19 1.86454E+19 -1.545721E+19 1.161797E+19 -2.654254E+19 5.261158E+18 1.834707E+17 9.098521E+18 1.050749E+19 1.102369E+19 -6.716985E+18 -1.082256E+19 -1.624336E+19 1.731665E+19 1.242886E+18 -2.67101E+19 
