4.02484014302948 7.7641592250946 
96.432019022111 15.7787722406058 111.221521607613 19.0206397396473 
24.938105247731 28.8579570501462 49.7534684629036 34.0804062623717 29.8929827559676 54.6977803804494 
51.16457795648 36.5596437813947 14.1357623189147 45.3215275182636 43.4079095788988 29.6002810218341 36.1048521277823 42.9695492175217 
34.1445490674006 57.6418197794234 27.011400945441 59.2879503434909 35.8323233503689 30.5831461026456 58.6448261186361 45.3661540264649 54.5306968237595 26.4368470610061 
166.465219224391 54.023629311132 186.081420569834 182.2240629643 183.780114729278 175.277730782871 109.025407920975 115.875785364941 120.289160928603 106.257928868107 163.108909215708 179.594449351799 
65.5206428360788 101.338581233903 135.166774115797 186.050225151621 150.604094619043 125.792813790131 82.2509125127725 102.509563016066 228.823953430441 125.314065913406 145.837145402423 45.8076227465204 60.8927329177626 102.087938529728 
280.184338173053 1791.9029392029 8623.70001962645 1485.39310851729 276.67993122968 1187.28670064401 1297.38855095482 1300.39778242258 459.728552252811 279.835338654751 1170.08297301477 422.944869327684 1192.3866464545 234.782101609993 5436.79531722731 525.387703470268 
1225.69693129227 175.585188345125 413.37763921518 1873.84793494304 243.732649051201 125.704761748823 381.369742537136 292.261338121946 274.725508349803 209.272701444247 702.374985891265 858.955902571426 174.702473284369 823.83746189627 533.08210650421 198.514079407124 904.97429365835 308.804652850541 
102.01223396908 88.7120138387489 114.907782289632 285.736524411223 208.863500139946 104.543656404749 153.845521897419 190.452569836723 135.544201475235 122.078568384971 83.8724432365692 204.847256616509 94.1937324720272 108.57568805246 171.183260649836 118.409126889716 87.5840004034526 108.562029227382 120.014987177887 94.1559884369441 
387.603094070158 423.622954497951 324.566955796462 622.111905397891 503.677764208378 899.137859617055 2108.84378227435 211.900660099997 433.329824586472 1964.12669023088 307.652459312693 629.616170820043 318.874239308426 436.204188312488 1496.64961708354 771.969677710232 990.041365322742 348.880301142473 418.533304720489 538.463232265266 178.88997695636 288.580277916787 
170.592595806473 197.598299258163 199.829228778884 227.796885563294 272.255419723374 231.5606638306 160.544525083649 171.101071471203 229.525362519632 274.304154056232 243.452091015045 216.295142343293 209.605763346722 181.004647784392 356.725027490038 209.016979209416 236.73611241979 289.559217394144 277.126760308012 271.509534786067 278.257610106881 263.413611165496 180.591528384869 257.558574751966 
143.81364008867 101.52524715394 150.19916672207 142.751000500479 119.446884242576 97.1189920422758 147.90135004224 107.422549765846 134.034231115587 110.492981055117 98.5992934868252 96.5218917379636 160.186759749365 136.672582849784 171.171355970026 109.597567885239 225.239661188374 155.672942610237 137.020691445676 92.3137223914046 135.427876726291 127.169788481988 186.209653041568 158.664303578418 80.4959922324114 119.896223739775 
435.21234407268 282.276827726361 332.11251187354 310.415638234896 296.026332396152 255.723543467751 366.511453650458 195.864275918164 380.22139831634 264.070975222293 259.345056181566 324.542965637408 181.661609313016 372.650166189585 242.817482714616 321.959561935455 228.922507379548 277.667243966347 255.387335504215 223.845263674699 342.620294668813 218.983035878459 279.402165436369 182.93185252379 384.696454334516 209.260463328872 423.401823557474 239.524639059752 
1234.96788040656 4406.83144859617 1479.93878943031 4857.505536657 1681.89875361775 3159.92473319936 9593.33250402211 365.05114741258 1534.79274119223 1181.74689500817 1765.60799645334 1632.87111393071 1230.25843659171 2164.15738943321 4923.86688573657 1691.70913392309 1463.99558104665 2235.0259953492 1282.97463467984 9762.16069479396 871.012430490865 528.649242765002 9487.23631968373 3020.2893893879 354.468865657879 8051.42124838905 1367.95435214083 11082.8401206928 549.370939637825 1187.1845692996 
622.738195671 364.128693088194 423.808476139747 543.177900019815 375.78742810461 732.039754524244 436.842565398283 318.464074120653 505.929312900233 551.734540557246 404.251401995781 389.566455340458 698.53067797505 819.166505871215 585.878298845235 600.362084226718 507.796438828261 479.335401039879 575.232356695807 349.939948208993 382.916654559398 337.928237822933 434.681542096262 384.76567425414 304.700091617589 399.463581244589 389.510521105707 723.427683655977 531.404056712672 528.972888676002 384.454377016147 387.150013021223 
757.095627862468 666.518345290748 513.778398205728 842.700763625219 642.530534588069 714.078243485184 700.598812896698 860.404781486512 579.014864809214 957.808408281659 469.988874492927 903.709203577618 929.090939802728 1276.01877917861 591.626144676093 750.560800564091 766.459999916542 530.61207744454 1432.70961308767 701.689745209239 662.030971455132 1304.33297202858 352.614296032996 522.806415223681 859.096586818654 452.161008729269 693.420321028624 1017.80548545482 515.642250500946 463.453509040414 745.822423184903 706.688539373862 533.681732088863 1357.20703483716 
568.266705098138 528.126520915937 730.921717211998 894.884100262866 812.345205694756 651.759350996878 452.682606918234 685.061120583174 417.412893974106 497.979693240226 369.909989121801 1223.14432463954 629.651927916451 401.242506014674 628.69675711079 475.524614335572 554.509310471255 936.31600391874 803.114010523976 794.575966082086 758.490464017059 475.357439709789 417.30537477606 503.555678796258 1780.5060911231 474.611783065831 721.000803837037 446.44092908051 390.597603182536 368.666626491879 620.952504787962 772.555069673069 559.44725501392 778.941508632772 1149.54933776784 550.141857182218 
