21.0478911564626 40.9002380952381 35.6166666666667 16.7843537414966 26.4428571428571 
92.4629865835223 35.9666666666667 53.5018849206349 46.4246031746032 61.7105985449735 94.0308035714286 70.0766534391534 108.82380952381 50.9116496598639 114.655335884354 
235.2547212774 116.578055555556 133.835317460317 133.779034391534 51.6845238095238 107.213988095238 158.344557823129 135.896145124717 89.8264880952381 54.4488095238095 274.955357142857 93.8055555555556 68.6795549886621 125.172222222222 106.028996598639 
196.664081632653 123.790476190476 166.019642857143 174.4 158.460476190476 252.834523809524 79.1571428571429 179.171825396825 94.2781746031746 99.3793253968254 182.303306878307 109.706746031746 192.799047619048 119.210529100529 173.966666666667 122.679761904762 126.222619047619 134.400699168556 135.294444444444 80.2047619047619 
332.356316137566 162.911547619048 145.407261904762 166.927083333333 116.174246031746 109.80205026455 215.39255952381 116.416388888889 206.801904761905 134.430725623583 298.15119047619 134.274404761905 125.18125 268.163492063492 148.129259259259 165.844801587302 125.815833333333 149.626785714286 192.624397675737 162.453571428571 149.063874716553 146.522142857143 139.772738095238 100.83835978836 127.889489795918 
547.10988441673 334.165955687831 318.636322751323 239.911033950617 335.51164021164 254.884727733686 244.215026455026 291.455112433862 202.57539021164 231.167186318972 260.966177248677 273.628509227765 239.524500661376 250.721187169312 222.408981481481 232.215849867725 265.377495590829 245.017638888889 240.464554988662 268.555376984127 222.123963844797 315.984424603175 193.968346560847 193.241152998236 242.104464285714 213.67008377425 285.864451058201 206.680099206349 246.603941798942 248.237103174603 
555.509393896447 239.794484126984 114.720436507937 259.037896825397 170.759325396825 302.951814058957 209.922619047619 199.828565759637 202.63664021164 271.862318121693 288.624900793651 216.629920634921 292.73308531746 152.402380952381 141.338095238095 324.429067460317 392.130158730159 233.315740740741 286.724305555556 213.992261904762 315.708035714286 232.255952380952 154.189693877551 222.177182539683 321.232142857143 213.303571428571 253.547698412698 242.035515873016 171.666964285714 202.929563492063 348.446388888889 160.713013038549 250.035034013605 174.097179705215 192.700634920635 
265.96331207483 198.876349206349 209.148214285714 342.856051587302 151.943253968254 261.541727135299 171.298267195767 255.502738095238 206.582777777778 217.362462207105 264.042757936508 256.103518518519 294.349067460317 214.799404761905 212.9875 252.518134920635 217.767281746032 311.885535714286 299.547983749055 300.776448412698 177.874503968254 348.379912131519 218.774623015873 258.08140542328 247.490486111111 252.73238473167 195.177827380952 234.152225056689 164.549245559335 190.443942743764 215.57193452381 195.388180272109 234.564417989418 205.205654761905 221.820575396825 173.063473167045 114.788538359788 247.240527210884 259.728333333333 235.998046107332 
585.366860512724 498.371114417989 247.366908541194 358.82675170068 320.971957671958 377.415932539683 414.599688208617 425.167290879315 307.790142668178 299.288577097506 281.445719954649 383.664523809524 289.307886904762 430.294907407407 343.947594482237 295.036891534392 370.447109473419 440.827338435374 491.852204270597 413.007958553792 323.190165343915 309.729088718821 400.984760015117 317.460125661376 358.937386621315 424.472023809524 484.722056878307 364.356883975813 394.366944444444 350.423917705971 376.384621126228 496.84032249937 407.744675925926 330.548961640212 460.651730914588 498.957757936508 339.175834750567 537.636839569161 271.336010487528 325.708121693122 386.744744897959 269.784608843537 522.661548248929 371.50873015873 297.294437515747 
423.617904383976 357.458505291005 446.122551020408 378.865778218695 515.85791005291 281.41899281935 382.686375661376 409.737837301587 448.756527777778 362.696121189216 387.512301587302 370.168086419753 289.547063492064 336.131507936508 412.354365079365 398.763589065256 469.631382275132 421.087433862434 337.169121630134 401.309671831696 470.563534265558 409.748721340388 418.893739606954 468.959492945326 493.260215419501 339.016071428571 279.849958742756 334.307883597884 284.231670445956 528.932037037037 381.65598324515 415.130418871252 349.504744897959 382.207275132275 303.495461073318 405.917370559335 366.89196271101 404.165648148148 308.661431720837 338.660028344671 481.837407407407 342.529232804233 472.36906840514 358.05765936004 346.529894179894 340.793686067019 329.997199546485 457.593253338372 496.821870748299 313.849338624339 
709.819880165029 446.412285840262 311.921547619048 396.460291950113 404.964332797934 359.592885487528 377.981991685563 478.086950428319 359.415671296296 307.425757432603 409.100673973293 465.480242189468 349.679242252457 424.813725434618 387.699549319728 444.197212616528 329.885602481733 457.410893801965 321.339257369615 405.980161879567 496.330621693122 405.089159423028 372.552633062484 350.171919879063 483.790996315193 423.586920194004 340.994696397077 388.416187326783 404.891501322751 415.223027840766 297.955374779541 463.874160997732 565.694071239607 534.163882590073 379.686637692114 260.399305555556 354.619828042328 346.191772959184 461.848482615268 509.188223104056 461.443890148652 368.673261526833 328.096521164021 373.603097442681 399.15647282061 359.176801461325 465.752251511716 536.961418178382 379.51263148778 315.640084089191 496.888218065004 471.935428004535 352.748978961955 360.395498866213 356.115775384228 
469.91206207483 312.497195767196 302.756593915344 316.037182539683 291.498818499622 318.584891345427 280.564611678005 278.740396825397 245.569074074074 337.37990835223 502.830436507937 431.784939531368 366.427932728647 346.297222222222 377.576521164021 461.722787698413 344.047486772487 336.16076814059 289.246721466364 361.575357142857 322.287334656085 226.611292989418 273.687862811791 306.940154950869 311.19753165155 288.232789115646 275.429940476191 291.112083333333 406.419166666667 388.463635204082 285.987160808768 308.949563492063 367.444312169312 283.329563492063 375.205737433862 388.21477702192 330.963612528345 316.398004535147 349.49473733938 227.642023809524 298.248988095238 178.931626984127 319.571121031746 297.065362811791 311.171964285714 234.665929705215 370.244037698413 330.35824829932 364.467964852608 432.572579365079 432.558630952381 410.738019652305 266.314933862434 370.266492346939 426.343796296296 414.659424603175 380.626541950113 391.398988095238 367.732437641723 327.833207671958 
856.856466836735 518.166071428571 461.143768424036 442.29613851096 381.645824829932 484.627334656085 676.713214285714 407.957896825397 502.694523809524 451.210997732426 447.612648809524 330.034669312169 511.891704459562 463.812738095238 436.324173280423 477.478968253968 419.142757936508 437.066587301587 362.752599206349 408.353753306878 501.912261904762 391.587946428571 547.338052721088 527.574801587302 430.666378968254 409.74980489418 469.682490079365 427.559963151927 501.993452380952 460.379107142857 490.635813492064 400.986761621315 404.117391817838 301.123928571429 519.506299603175 271.324603174603 354.384523809524 580.193571428571 438.906111111111 405.421676587302 373.222876984127 460.194323507181 377.200011337868 486.813121693122 440.941435185185 463.936339285714 542.678747165533 375.43156462585 547.436997354497 493.002116402116 590.55 276.57662037037 577.58880952381 579.314583333333 512.591964285714 442.447250566893 592.424007936508 508.573015873016 438.941666666667 416.326984126984 399.155555555556 396.540575396825 315.803561507937 366.405221088435 434.285793650794 
867.229599395314 496.53017526455 542.811101820358 575.323097915092 531.753850151172 464.411386684303 519.544939531368 440.085678539935 483.317484725372 448.221532974301 435.804243827161 640.612400951121 543.460034800957 484.755803571429 529.507883755354 575.30794973545 494.597867063492 459.097528659612 603.573717561099 415.499266975309 755.119901266062 408.20669973545 495.28799366969 584.639457671958 481.889215325019 437.789261306374 440.981136621315 385.135696176619 597.910348324515 620.552035619804 441.548074766944 414.977059712774 467.671946176619 439.612056878307 520.638315381708 565.292953042328 563.907189153439 525.163648746536 583.16341159612 507.067680776014 559.650924981104 515.664968820862 496.465448948098 446.534839065256 465.568346560847 449.011491874528 452.986845238095 676.365582168052 472.365701058201 588.309979056437 580.822598104056 541.246948066264 447.146943027211 521.196175831444 580.20048170194 459.581025762157 472.163356638952 526.897038611741 450.856537226002 550.011150163769 547.379720490048 460.065873960695 542.015562641723 519.417361111111 520.655570987654 479.595375409423 406.533944003527 526.191634385236 530.759718915344 493.794797178131 
1182.16281131897 521.100367535903 479.596150793651 500.412792894936 665.637037037037 454.640707671958 534.12691090325 561.663236961451 511.879910714286 518.300314153439 356.19233276644 700.922056878307 633.584937641723 566.068909674981 673.463293650794 659.214209656085 649.582142857143 402.959074074074 546.676960506425 646.833333333333 515.38621031746 642.700869236584 443.641201814059 594.008316798942 514.121775793651 614.792208994709 630.317847694633 462.918959750567 472.819590891912 841.293036659108 469.188816137566 410.161904761905 549.667606764928 532.713015873016 736.210905139834 398.657568027211 625.210433201058 533.435932539683 654.995965608466 478.718315381708 547.388581821618 506.951774376417 499.767771164021 660.57096749811 541.709097222222 549.857114512472 564.355714285714 454.857127739985 568.732671957672 730.53406462585 695.647144274376 454.066038359788 614.871891534392 657.969682539683 367.352040816327 451.225439342404 543.36876984127 650.004870559335 610.146746031746 492.066714852608 573.413045634921 523.436626984127 728.843679138322 632.212301587302 670.449603174603 544.279771825397 536.844642857143 389.045847505669 507.302678571429 400.421012377173 500.079166666667 557.368364984883 669.242910997732 563.787996031746 394.332390873016 
1132.42823837868 680.755119992441 609.048080435878 492.101558012094 646.410467057193 634.890643266566 601.971575018896 460.882591332829 503.678439940791 730.312984693878 550.908912037037 565.447195137314 530.100185815067 576.201299130763 531.702817932729 569.17593931091 632.158655517763 550.465751606198 647.711479276896 729.636937830688 544.758432539683 463.954996535651 435.863899124465 759.444468065004 613.78595553036 580.338352387251 597.39713372386 509.635656651549 672.427024911817 456.49981292517 731.459076908541 514.607486772487 528.820594450743 667.490440917108 629.554380511464 544.573472222222 525.428847316704 550.54689484127 547.161475970018 472.3398170194 557.711226851852 460.991485260771 674.922353080121 693.441730599647 569.106709183674 622.041631393298 514.398958333333 625.37183106576 672.52751984127 637.586884133283 523.315111174099 676.985001574704 608.585547052154 642.800699326027 575.10506377551 568.036917517007 607.868645439657 584.73398100907 553.304980473671 683.478099962207 561.832400793651 480.043493953137 565.841594387755 510.447946900983 731.751676587302 522.665742945326 488.741467781557 575.256443688587 504.240890967498 501.706406525573 558.504305555556 644.75263133031 546.889100529101 493.204821271101 449.74548154447 514.230371315193 532.945029761905 586.607724867725 779.454417517007 521.027119236584 
711.280922146636 600.456966805241 501.277827853364 599.262433862434 511.398664021164 773.583875661376 480.746137566138 455.543459624591 509.165045351474 564.947132779038 476.322504409171 503.180805933485 488.128154761905 725.748648589065 673.421029069035 658.31394494835 402.131807760141 505.031795949861 525.832003023432 518.128737402368 565.593547178131 510.372839191232 572.662381582263 510.541927437642 543.545726568405 804.989300988914 578.119032186949 699.871495968758 537.63820877425 588.859510582011 595.544653880071 462.514477985639 549.785223922902 486.347685500126 708.910491780045 762.748087522046 551.959632464097 553.877431972789 463.377766439909 556.123747795414 548.224884101789 556.497721088435 501.180152116402 519.496138196019 423.242029478458 488.910203924162 561.450328483245 677.165539493575 483.582056248425 606.270327853364 471.734155643739 559.827672272613 477.640631613757 492.664267290249 535.609930555556 582.948058232552 555.734537037037 570.720233686067 741.279828042328 513.368736772487 442.062044753086 448.639380511464 477.738088781809 478.422849584278 499.195582640464 463.903179012346 609.028788737717 537.02641723356 540.868981638952 505.953746220711 472.458533320736 526.088099647266 469.851766502897 525.360719009826 617.11539021164 584.479417044596 512.874377362056 518.745584845049 613.287574955908 476.438165784832 514.28828042328 578.61003968254 469.947198286722 431.357804232804 649.446362433862 
629.85142904384 714.575853174603 629.060747354497 650.121177248677 668.85331207483 500.600461073318 724.562599206349 604.035394935752 757.576355820106 650.04013133031 724.184652777778 749.664866780045 711.319874338624 714.535645786092 694.512063492063 685.078330498866 623.38054138322 729.412190570673 736.162827380952 528.691116780045 609.176633125472 632.658151455026 702.08472930839 711.796442743764 729.795734126984 684.270687830688 745.638741496599 845.318810468632 727.800519652305 493.059433106576 736.460085978836 732.250661375661 723.420089285714 906.49906462585 629.124623015873 748.707258597884 510.404706632653 651.685289115646 697.847805650038 693.950458238851 785.60615457294 488.714087301587 646.009906462585 869.0866638322 568.38552532124 509.46399281935 830.782093253968 940.730878684807 719.071185752079 785.771428571429 456.027442365835 737.696277399849 771.848462301587 626.168832671958 471.392208049887 841.832678571429 741.650412887377 803.917619047619 616.831874055178 533.717807067271 671.434090136054 734.940620748299 705.666706349206 817.869106670446 706.263820861678 688.06672760771 698.252154195011 721.402482520786 527.51685515873 1000.50029761905 647.861198979592 590.100491307634 728.652744708995 735.925031179138 728.56691468254 772.256581632653 599.540733654573 700.842998866213 702.27123015873 457.94126984127 562.876615646259 634.153911564626 556.405873015873 651.014963624339 685.058373015873 654.335505952381 651.356420068027 676.870634920635 848.610865929705 741.612443310658 
732.933276486521 738.916131267322 638.699611048123 697.174705687831 653.966997669438 741.261821302595 660.904261148904 821.549086514235 670.17869834971 709.991876732174 647.849577349458 688.454286029227 573.141054421769 677.937081128748 926.465894116906 813.775388794407 685.38180728773 610.382495118418 745.332017195767 588.000675547997 742.5265287226 825.02112654321 837.948731575964 638.161522108844 624.886227166793 755.927830215419 638.813943058705 633.593597411187 932.355627204586 651.266469671202 727.675121882086 1182.93786202444 820.004686318972 553.531143077601 787.798432382212 717.343458522298 717.223488756614 541.612722190728 721.052674477198 846.39667989418 592.403734567901 757.109322562358 679.323809051398 754.002574326027 709.240512881078 744.320596025447 742.363034611993 828.304929453263 844.057188681028 765.199890085664 770.543843694885 678.928068468128 740.108195861678 681.779126354245 694.646570294785 881.636331569665 819.068137440161 793.689208396322 613.770331790123 697.077606135047 667.092808169564 599.278382936508 755.26768313807 523.218981166541 658.602421737213 601.396471088435 692.159520502645 802.01836404006 596.454867567397 699.795225182666 829.677637944067 605.181594702696 753.512446145125 967.286656746032 640.861866181658 676.203820704208 768.941371724616 836.537162226002 560.303755511464 633.609954018645 667.210694444444 905.792431027967 824.49873015873 836.802888321996 779.908726536911 750.357536060721 737.874710726883 773.527243165785 870.303947467876 585.495686728395 711.633626228269 835.649115173847 702.360884983623 807.316488410179 658.549209183674 
704.441475340136 786.808756613757 810.248470804989 597.748154761905 775.792768329554 747.41164021164 769.078075396825 947.991468253968 830.552380952381 619.383630952381 768.976882086168 1092.75152116402 1045.156199452 660.226047808012 696.955393518518 751.952631802721 579.095583900227 858.563740079365 838.30201814059 800.773044217687 668.184092970522 655.895740740741 894.769047619048 778.266673280423 874.457020975057 885.319926303855 851.854093915344 859.014126984127 716.447505668934 717.267063492063 638.247457955404 893.340848450491 1155.16628401361 671.234997165533 701.466531084656 916.09034249811 1018.13998015873 809.889115646258 564.36886148904 803.457264739229 624.282628495843 1258.39061082766 798.260926870748 940.248270975057 730.515079365079 606.639246031746 671.26878968254 857.207915249433 900.977289304611 588.303488756614 691.884722222222 784.646354875283 637.4945819161 675.205952380952 785.77003968254 686.401746031746 887.572857142857 810.229109977324 808.658319160998 708.325958049887 952.676587301587 690.384391534392 854.359424603175 742.734226190476 711.210198412698 628.524702380952 892.157052154195 913.7725 650.261665721844 638.456431405896 779.972876511716 812.817215608466 771.709923469388 704.91695861678 863.645793650794 688.063425925926 910.149371693122 650.272063492063 589.459206349206 849.081802721088 726.205222505669 703.763018707483 750.91710600907 559.906442743764 1044.17752739985 1002.50376984127 648.088798185941 692.651240079365 516.544274376417 788.01200633031 744.160922619048 836.069577664399 899.649521919879 884.985386904762 946.871662414966 796.768650793651 809.334012188209 731.623775510204 602.341272675737 687.163548752834 
