-3.02315910459785 -0.90805312341262 1.55194739688403 0.101676594560791 1.34531582785982 
-0.0255837925930797 0.736880831267254 1.11219739543716 -0.680039393711072 -0.486928482824293 
1.90998681781225 -1.39350845709243 -1.21687269921067 -0.824084255887135 0.829050813738423 
1.22658199783419 -0.179716801365277 0.0491847518413653 -1.33211775242113 -0.214501800976391 
0.37886657938831 -1.20172314403652 -0.234682752462306 -1.12626497005259 0.680776547115753 
1.08801776460029 0.416863462169595 0.829098734446498 0.320925459006311 0.320299387750598 4.55436207466659 -3.37991655183407 4.48737694973648 2.88905115336879 1.32485555038631 
-0.58178984674214 -2.1703896392935 -0.0903369673217697 -1.29738931155106 -0.130494478018891 -3.3372154840335 2.82156565566386 -1.92008885690216 -2.04192959790723 -0.727580705510722 
1.82479042721413 1.04876535553327 0.484320675839895 -0.666630972548756 -1.36003273389531 4.98972863414404 -4.42006472951115 5.77091925293376 2.10035833285282 1.50738639059509 
-1.05775256934172 -0.341032344246502 1.11862465478889 0.148352947240339 -2.72765733774873 0.177454093090049 -1.09936334351302 -0.858947816557211 -1.23947434235735 1.40146368648876 
0.28305322282939 -1.28722255133319 -0.0369556053339693 -0.211220221856629 0.642550077227305 -0.260144798612279 -0.385479108917162 0.21577372100481 -0.678119212884509 0.309779712325103 
0.149977145680415 -0.569596295274553 -0.0798844374020775 0.133661583433987 2.19376751716453 -1.38302758574713 0.309272488808071 -3.13650329504132 -1.05783048426471 -1.60522908288957 
0.672657108247472 -0.92714770371936 -1.08762533142814 -0.217083865828504 -0.309280551425475 -1.26645379013728 -0.290511097706135 1.5297847072599 -1.02585066399454 0.556456460194008 
-2.32810257448571 -0.561168495795817 0.494996173720146 1.09177057938864 0.0510849766318449 0.285879603540822 -0.766163965361748 -0.178758540613497 0.453553495521221 1.71010960617526 
1.14781293148214 0.43689556405256 -0.71307861884369 -1.4884154316827 3.46861544261421 1.93952030038021 -1.29923530820816 -0.402381024129769 1.46738135065453 -3.4110934298267 
-1.13334791376584 1.60321378237899 -1.12359040702713 1.59613756808574 0.256207960361622 1.24095599355861 -1.91970914118455 1.94217825386041 1.1052991296005 1.69946536286816 
