12.7407407407407 16.59259259259256 
29.03703703703702 37.62962962962965 
42.72379092261907 38.69655753968254 35.64748263888887 38.34652777777781 
28.35684523809523 55.10767195767195 44.4070436507936 28.44632936507935 
17.61430520124718 12.17232142857143 12.07588458994709 15.47063846371884 
81.3351916808391 53.0103670634921 52.7484664351852 70.35057870370382 
107.1314085530045 86.8814092025699 117.3397998157596 141.5293190192744 74.43246994565027 186.4021093159485 
56.81956490929697 36.53703152557315 52.72636113473162 70.41050642479209 40.19351079497054 89.56471009700164 
176.5534568688586 100.8994201152683 139.4122918438208 194.0601473922903 110.9924716778247 247.9021175831443 
44.68375732237338 48.63129834341143 67.02433388335493 73.77313397581256 36.83877183589487 99.81106072058449 
50.52800148415842 44.17769484336937 61.02381402296357 71.78665950176358 37.2046042593992 96.98206622155016 
117.104433578987 87.74978505291 118.9578603316326 145.6119047619047 77.3726174729151 196.916187169312 
279.4728968253969 128.7736119929454 105.8586236772487 121.0872855673134 92.18065299823635 100.8153995811287 127.5385008818343 170.5307567239859 
285.5020105820107 134.7434479717813 106.9303134920635 131.8624294532628 100.0673072562358 99.2722718253968 136.343848324515 186.0076431405896 
242.7461816578486 111.5062351557908 101.0641622574957 108.9639914336107 91.78627781976998 86.0373728689007 119.2143067103386 165.7624707105066 
534.365529100529 246.1979000587889 178.9156699000589 230.2853919263179 186.6299206349206 176.7482307466196 241.6585232216345 359.0844620811287 
391.1977883597885 178.8772134038801 173.6274706055263 169.4778904565943 160.053835978836 142.4111773956496 192.4805914168138 277.5230621693124 
188.7173985890653 79.22299588477368 82.81356437389775 79.53477013521459 66.83601410934745 71.84941137566135 89.46910640799531 122.9591247795414 
723.0626895943564 353.603720458554 247.9241860670194 282.5904926513816 254.6255114638448 221.33857010582 322.7064329805997 470.4138326719576 
264.1431863609643 107.4256266901823 116.8726156672546 128.0888748775232 92.90478689006473 103.0450196208113 133.496017048795 179.0768772045857 
