-0.2063733 -0.2594885 -0.3673849 0.3339143 -0.2370947 
0.114821 -0.06496656 -0.04142321 -0.1330418 -0.1548021 
-1.186019 0.8218682 0.09575344 0.6308589 0.92393 
1.668833 -1.706186 -0.349777 -0.8332345 -1.457547 
0.7656505 -0.501978 0.1012547 -0.4656175 -0.3696512 
1.932366 0.4735743 -0.6068863 -0.5618024 1.603519 0.3305704 1.046924 3.284491 1.569775 3.487624 
0.1937058 -5.703969 1.344725 -3.009387 1.067877 0.6585884 2.222018 1.382232 -1.329622 -0.2781613 
3.442918 -1.269386 0.3078926 -2.7356 2.169314 0.7033492 1.366501 -2.027541 1.286671 -1.178067 
0.3942265 0.1963934 -0.4475473 -0.2046592 1.505286 0.9911007 0.5316671 3.00571 -0.3782476 2.189794 
1.953425 -3.016671 1.291439 -0.9163032 0.4141982 0.205462 -0.1343456 -0.7417123 -1.524238 0.6841923 
-1.407634 -0.4561704 -0.9261466 -2.213318 2.219462 -0.8476346 0.7001088 1.654754 1.236768 -1.544367 
-1.229992 4.230306 -0.3748806 2.779004 -1.975744 0.6485511 -2.464263 1.562203 -0.4265316 3.877261 
0.2675718 -0.4063079 0.3030665 -2.259172 0.1721682 1.221696 -0.2474116 -1.302366 0.5265518 -0.4339001 
0.4561505 2.877249 0.183896 3.736479 -1.522921 0.1228549 -0.9576198 -0.2935824 -0.5808225 1.425988 
0.8547536 -4.910306 1.09276 -4.260755 -0.0544111 1.370594 1.883054 -0.8360257 0.3812214 -0.3690085 
