33.925983181753 78.229823705871 19.8828463270429 42.3575829787105 61.9374109091229 
187.405989081756 198.961440413808 83.8486484014475 248.559893046784 397.768280632864 
73.6222497273707 98.395969424806 23.0326437605201 49.2165122589648 147.528866674508 
183.964889462762 182.872972985841 44.9072875044794 103.270634867506 382.913296706154 
56.824278077258 206.774711174991 46.4253479156917 85.2598120241678 81.8394112638727 
3222.88813313744 6126.58881010839 15159.1276095894 3621.35796996541 8758.837652466 5777.91031966689 7471.85772573482 2758.54016371212 44212.9956378672 11450.549327698 
8251.86197543454 6414.83632777021 13039.905937546 2537.51844743625 6118.05871543239 7386.05266509366 4964.84688484464 2469.7903628358 34145.5089424573 11245.5468276721 
586.287364957363 1305.70148230245 2414.32096903086 846.41799936788 1684.14965319571 1594.33637582963 995.390002152358 551.887337758584 6615.29718677134 5716.34693199511 
7328.03446562784 52566.7378193556 15729.8074413437 5999.34344139785 8727.12248719956 9621.44542413979 28439.2368057169 7111.58731001333 308635.136738131 34382.3082275975 
803.155758376991 1673.10838033798 5624.77212351453 1023.22178115133 2248.94494200753 1820.26586094359 1734.91801011554 708.287967570326 5322.55264759611 3128.55612479939 
4555.78525776195 6356.01333186878 10914.6060800989 2686.3374930043 9107.32492650404 2746.00109124439 4125.23106031539 3003.97432684386 35613.942005784 60705.4686759385 
4457.10378160916 7553.68992219956 34236.0000757849 3629.97482212689 7289.93774450596 5960.06099913113 6794.1635215037 2781.18629245178 18885.4789576349 17964.2610599132 
1105.9429609496 2202.07170218092 5532.87923333375 1480.05759598954 2390.86256214373 2979.95321733904 2631.81315875958 1033.42505735943 8381.17966787589 5041.41623770879 
578.025644166572 1589.71118624791 2201.19466516051 1662.30026017961 2453.97889440143 3312.25094518661 3276.35642760676 1206.45286914968 5359.43494752863 6229.73703470372 
924.084282300884 1781.38451274635 4899.50301234447 775.61386085442 2997.10511428841 813.103465490962 1728.31713462871 754.945131800115 8080.42893269587 6662.914958419 
