0.471446386349569 0.9670790377943 1.11215856244285 0.724771608881295 1.05933845579624 
0.761106642867342 4.83030795269984 0.650009555959365 0.712914187490865 0.385363639831824 
0.209110043353334 3.73930899105196 1.10599740960696 1.6154018291242 0.41996164829815 
3.72079437656763 1.85546981774426 0.376625231615539 0.963934198614294 7.99933320183958 
0.0346771995752885 0.0966726944612433 0.955510432584739 5.16530777759689 0.368162292246918 
8.46630745293562 0.206956996113024 98.0809532160792 1.70038651390091 0.701664810610708 1.24678756205988 0.498502672330856 0.867735839174912 3.04200671085705 1.26609621143052 
0.184089464642473 1.74922039486 1.96731404833351 1.86121247228276 0.893241784391198 0.597622941719052 23.9515471994148 5.11640954256581 1.90006888999841 0.0529580863870915 
0.359257580945632 2.03214725089279 0.679128208132204 0.702765123399389 5.70885904797963 0.590222980905151 0.0602102222605075 0.384287495045157 1.50240852087863 1.16009077395094 
0.525551351082907 0.363833570227996 6.40194328428266 2.07889238535123 1.41305735717896 0.609349120376085 3.1521731625586 1.1404831179354 419.509862471891 0.172989833287614 
1.5193141309743 0.245716686525419 1.57974014643771 0.775928920157966 0.939006189436502 1.09858573544353 0.0987119309019259 0.284757234212563 1.27128739754739 9.64342179647768 
1.72602204667132 27.1516775317862 1.09932784143911 0.0522373060978346 0.526915314320743 0.592389187734164 9.1451335196979 1.47869902208007 0.101718378286094 6.09674402263086 
1.27126774905629 4.22491811406408 1.34528627198752 2.19736854524998 8.51674860281807 0.424252753298931 0.183415681902565 2.22555254948361 1.16270947536213 85.0065071285382 
0.140467215964825 0.613063624191373 2.88769486638425 1.34889478365037 1.70750482301574 1.79480599845932 0.845362918483536 1.18888004817813 2.88957446880766 10.1642956401301 
0.0611354754618426 0.779840528718889 0.103682057173248 1.67802893558791 2.0632889851503 4.23157146374181 0.247644792738018 0.479763766802788 0.997857801667949 0.443616283455402 
3.46524099980412 1.94177029167405 3.71007545317768 0.096964623598844 1.31985600496093 1.5242412142803 0.473996695362009 0.435139460214819 0.913910549587031 1.03751634834455 
