0.018773 0.001280 0.010667 0.008107 0.008107
0.002987 0.002134 0.009813 0.031573 0.023893
0.003413 0.002987 0.012373 0.025173 0.030720
0.002987 0.003840 0.020480 0.036267 0.043947
0.002560 0.005973 0.023893 0.036693 0.062294
0.002560 0.007680 0.032427 0.043520 0.098560
0.003414 0.010240 0.054187 0.057600 0.249174
0.003840 0.020054 0.081920 0.078507 0.200534
0.003413 0.015360 0.083201 0.078080 0.257280
0.018347 0.018347 0.145920 0.102400 0.412587
0.003840 0.021333 0.154880 0.110934 0.482986
0.009386 0.026880 0.228267 0.198401 0.823040
0.004266 0.029440 0.270933 0.141227 0.720640
0.006400 0.034134 0.327254 0.171520 0.854187
0.020054 0.037973 0.374187 0.263680 1.041920
0.008106 0.052907 0.434773 0.315307 1.302187
0.008533 0.050773 0.551254 0.281173 1.689600
0.006827 0.056320 0.641281 0.315734 2.413227
0.010666 0.099840 0.783787 0.428800 2.101334
0.025600 0.081921 0.855893 0.337920 2.338988
