0.075946 0.023466 0.055467 0.076373 0.066987
0.002987 0.002133 0.044373 0.016640 0.017494
0.002987 0.003414 0.014506 0.024320 0.027307
0.003413 0.004267 0.032426 0.060160 0.037120
0.002986 0.005547 0.037974 0.051200 0.054187
0.003414 0.007680 0.047786 0.040960 0.056747
0.005120 0.010240 0.088746 0.080640 0.145067
0.004693 0.012800 0.112640 0.081493 0.126720
0.004266 0.015360 0.131840 0.073387 0.120320
0.004694 0.020480 0.178346 0.100694 0.152320
0.007680 0.022614 0.257706 0.142507 0.276907
0.007680 0.030720 0.665174 0.180907 0.358400
0.008960 0.030293 0.351147 0.168960 0.315307
0.007254 0.036694 0.740693 0.285440 0.521386
0.009387 0.037973 0.518401 0.261973 0.446720
0.011093 0.044800 0.566187 0.223147 0.618240
0.011520 0.050347 0.710827 0.323413 0.602880
0.011946 0.058027 0.837547 0.399787 1.143041
0.012373 0.060160 1.003520 0.514134 0.787627
0.013227 0.067840 1.482668 0.594773 1.462188
