1.16666666666667 1.33333333333333 1.16666666666667 1.75 0.333333333333333 
1.28571428571429 2.5 1.16666666666667 0.666666666666667 1.14285714285714 0.25 0.2 0.5 5 0.333333333333333 
0.75 1.16666666666667 1.5 0.777777777777778 1.33333333333333 3 0.125 0.75 0.222222222222222 1.25 0.444444444444444 1.16666666666667 0.25 1.16666666666667 0.777777777777778 
3 0.666666666666667 6 0.875 1.8 0.625 1.2 1 0.625 9 0.571428571428571 0.2 0.25 0.75 1.4 0.666666666666667 2.5 0.875 4.5 0.714285714285714 
0.4 0.111111111111111 0.833333333333333 0.75 3.5 2.5 1.33333333333333 4 7 0.75 1 1 3 1.6 0.571428571428571 0.166666666666667 1.66666666666667 0.888888888888889 1 2 2 0.75 3 1 1.5 
2 9 0.25 1.4 1.28571428571429 0.833333333333333 4.5 1.16666666666667 0.142857142857143 3 2.33333333333333 8 1.5 7 1.5 1.14285714285714 0.25 1 1 1.125 1 0.166666666666667 1.33333333333333 0.833333333333333 0.555555555555556 0.714285714285714 1.14285714285714 0.75 0.444444444444444 0.2 
0.666666666666667 1 0.888888888888889 0.777777777777778 4 5 0.222222222222222 0.428571428571429 2 0.5 2 2 0.5 6 1.2 0.75 0.333333333333333 2 0.4 0.777777777777778 1.8 2.66666666666667 0.5 0.6 1 0.777777777777778 1.5 0.142857142857143 1 0.857142857142857 0.666666666666667 0.333333333333333 0.833333333333333 1.5 3 
0.8 0.25 1 1.16666666666667 1.33333333333333 0.444444444444444 0.571428571428571 0.571428571428571 0.666666666666667 4 0.25 0.666666666666667 0.333333333333333 1.5 1.33333333333333 1 4 1.33333333333333 0.833333333333333 0.5 1 0.125 0.111111111111111 0.666666666666667 0.666666666666667 0.571428571428571 0.833333333333333 1.33333333333333 4 0.888888888888889 4 1 0.5 0.333333333333333 1 0.333333333333333 2.66666666666667 1 1 9 
0.571428571428571 0.4 0.4 1.2 0.666666666666667 0.25 1 0.857142857142857 1 1.16666666666667 1.6 0.125 0.375 0.888888888888889 0.333333333333333 1.6 3 0.714285714285714 0.2 0.2 0.222222222222222 0.833333333333333 0.555555555555556 1 1 0.75 3 0.375 1.75 0.75 1 0.571428571428571 1.4 0.777777777777778 0.75 3 3 0.625 0.25 0.75 0.5 8 9 1.6 1.33333333333333 
0.222222222222222 0.125 0.428571428571429 2.25 2 2 1.66666666666667 0.222222222222222 1 1.33333333333333 0.166666666666667 0.6 1.4 0.25 4 0.5 1 1 0.5 0.222222222222222 0.111111111111111 0.428571428571429 1 0.5 4.5 1.16666666666667 4 0.5 1.16666666666667 0.125 2.5 0.5 1.8 8 1.33333333333333 1.66666666666667 0.25 1.5 0.666666666666667 3 5 4 0.6 1.75 0.666666666666667 0.285714285714286 2.33333333333333 0.625 9 0.777777777777778 
0.5 3 2 4 2.66666666666667 1.4 2 1.5 2 2.66666666666667 0.625 3 1.5 0.555555555555556 4 0.5 4 0.375 1 1 1 0.625 2.33333333333333 0.2 1 1.33333333333333 0.285714285714286 0.666666666666667 0.875 1.4 1.125 0.875 0.666666666666667 2 4 1.4 3 0.75 0.571428571428571 1.33333333333333 3 4 0.5 0.428571428571429 0.888888888888889 2 0.5 4.5 0.428571428571429 1.75 0.222222222222222 6 1.66666666666667 1.5 0.571428571428571 
0.4 0.285714285714286 0.8 3 0.5 0.5 1 0.444444444444444 0.375 0.5 0.6 1.33333333333333 6 2 2.25 0.8 1.5 8 1.2 1.14285714285714 0.625 0.444444444444444 2 3 0.428571428571429 1 0.285714285714286 1.28571428571429 0.222222222222222 0.5 0.75 0.285714285714286 1.6 1 0.75 0.571428571428571 0.142857142857143 0.8 0.25 1.8 0.571428571428571 1 0.875 0.6 1.5 1.33333333333333 0.8 0.142857142857143 0.857142857142857 0.25 0.428571428571429 1.125 0.444444444444444 1.5 1 0.857142857142857 1.5 1 0.777777777777778 1 
0.833333333333333 1.125 0.4 1.66666666666667 2 1 3.5 1.5 0.875 1 4.5 6 0.333333333333333 1.14285714285714 4 0.444444444444444 0.428571428571429 4 0.111111111111111 0.75 0.6 1 0.125 0.857142857142857 0.8 4 1.5 2.66666666666667 1 1.16666666666667 1 0.571428571428571 4.5 8 3 0.125 0.333333333333333 0.75 0.285714285714286 3 4.5 0.75 1.75 0.142857142857143 1.6 1.5 2 0.4 0.666666666666667 1 1.5 1 0.8 2.66666666666667 0.6 1 2.25 1.2 5 1.5 0.5 0.25 0.888888888888889 3.5 0.625 
1.28571428571429 0.555555555555556 0.222222222222222 0.833333333333333 4.5 0.8 6 0.25 0.333333333333333 0.75 1.5 1 2 0.375 0.571428571428571 0.666666666666667 0.857142857142857 1.4 0.714285714285714 1 2 1 0.75 0.4 0.428571428571429 0.666666666666667 0.444444444444444 1.28571428571429 0.125 5 1 0.666666666666667 1 1.125 0.571428571428571 0.6 0.25 9 0.625 1.8 1.28571428571429 0.714285714285714 0.6 1.5 0.888888888888889 0.571428571428571 0.5 1 2.25 1 3 0.333333333333333 0.444444444444444 0.833333333333333 0.125 1 0.888888888888889 1 0.4 0.166666666666667 0.666666666666667 2.25 0.5 0.375 0.5 1 0.75 0.857142857142857 0.666666666666667 1 
0.6 1.5 0.5 0.285714285714286 2.66666666666667 0.111111111111111 2.5 1.14285714285714 0.111111111111111 0.714285714285714 9 0.666666666666667 1.33333333333333 1 1.5 1.5 0.666666666666667 0.166666666666667 0.555555555555556 0.6 0.375 0.5 0.5 4 2.25 2 1.5 2 1.28571428571429 0.833333333333333 3.5 3.5 1.16666666666667 0.666666666666667 0.666666666666667 1 0.777777777777778 5 1 3 1 0.166666666666667 3 0.777777777777778 1.125 1 0.666666666666667 8 1 0.333333333333333 0.125 0.142857142857143 0.4 0.714285714285714 1.8 2.5 0.25 1 1 0.75 1.33333333333333 3 1 4 0.25 1.5 6 0.222222222222222 2.66666666666667 0.8 8 0.2 0.5 6 0.777777777777778 
2.33333333333333 1 0.285714285714286 3 0.5 0.2 1.6 0.111111111111111 0.166666666666667 0.666666666666667 0.111111111111111 1.28571428571429 0.666666666666667 0.142857142857143 1 1.5 1.5 2 5 0.375 0.25 1 0.571428571428571 2.25 0.25 2.25 1.2 0.875 0.375 0.375 0.666666666666667 2 0.833333333333333 2.5 1 4 0.666666666666667 1.66666666666667 1 0.8 0.571428571428571 1 0.333333333333333 1.4 1.125 1.28571428571429 1.75 1 1 0.428571428571429 0.375 1.66666666666667 1 1 0.2 7 0.625 0.625 0.6 0.333333333333333 8 0.222222222222222 1.14285714285714 0.333333333333333 1.33333333333333 1.25 1.5 0.333333333333333 0.5 3.5 0.428571428571429 1 0.25 0.375 2.25 4 0.777777777777778 2.66666666666667 1 1.33333333333333 
0.222222222222222 3.5 0.6 0.777777777777778 8 1 1 4 1 0.166666666666667 1.33333333333333 1.14285714285714 2 1.5 0.777777777777778 7 0.5 2 5 0.5 1.33333333333333 0.555555555555556 1.16666666666667 3 1.33333333333333 1.28571428571429 0.833333333333333 0.5 0.222222222222222 4.5 0.5 0.222222222222222 1 3 2.33333333333333 0.75 2.5 1 0.888888888888889 1.5 4 2 1 0.625 0.666666666666667 1.8 1 0.75 0.2 1.25 2 1 4.5 0.5 2 3 3 3.5 3 2.25 8 4 3 2.33333333333333 1.25 0.666666666666667 0.666666666666667 4.5 0.75 0.25 4 1.66666666666667 0.857142857142857 0.625 1 0.555555555555556 6 1.2 1 0.333333333333333 0.555555555555556 0.888888888888889 0.142857142857143 2 0.666666666666667 
4 8 0.4 0.222222222222222 3.5 1.75 1.2 3 1 2 2.33333333333333 9 0.333333333333333 1 1.2 0.666666666666667 7 2 1.4 0.857142857142857 1 0.142857142857143 0.5 0.857142857142857 1.14285714285714 1.16666666666667 0.111111111111111 1 0.25 0.111111111111111 0.25 1.5 0.857142857142857 1.4 1.5 1.5 0.25 2.5 1 1.4 1 0.555555555555556 0.888888888888889 1.28571428571429 0.833333333333333 1.125 0.833333333333333 0.857142857142857 0.375 0.4 4.5 0.666666666666667 0.666666666666667 1 1 0.333333333333333 0.4 0.6 1 0.571428571428571 0.888888888888889 0.142857142857143 0.75 1.5 1 1.8 0.5 1.2 0.333333333333333 2 1.33333333333333 4 0.333333333333333 0.777777777777778 1.5 5 0.8 0.777777777777778 0.285714285714286 0.333333333333333 4.5 1.33333333333333 0.625 8 1.125 0.75 3 0.5 0.666666666666667 1 
1 0.2 0.75 0.333333333333333 0.666666666666667 0.777777777777778 1.33333333333333 0.2 0.666666666666667 4.5 1 0.5 4 0.875 3 1.16666666666667 0.333333333333333 1 1 3 0.6 1.33333333333333 0.833333333333333 0.75 1 0.142857142857143 0.5 1.125 4.5 1.75 0.333333333333333 0.777777777777778 3 4.5 3 1.66666666666667 0.142857142857143 1 0.75 1 0.555555555555556 1.5 0.111111111111111 1 1 0.25 2 2 0.875 2.25 1.2 0.625 0.625 1.2 7 2 1.8 9 2 1.5 1.4 8 1.5 1 0.857142857142857 0.25 1.125 6 4 0.333333333333333 0.375 2 0.5 1 3 1.16666666666667 3 6 1.2 1.125 1.28571428571429 9 3 2 0.888888888888889 2 0.166666666666667 0.444444444444444 1.33333333333333 1.28571428571429 7 1.16666666666667 0.166666666666667 1.5 0.6 
0.333333333333333 0.166666666666667 1.2 1.16666666666667 0.25 0.5 0.333333333333333 0.5 0.25 0.5 3 0.375 9 0.428571428571429 0.2 0.142857142857143 0.4 1.6 1 4 0.142857142857143 0.625 1.2 0.285714285714286 2 1 4.5 1.5 2 1.4 0.333333333333333 1 1.14285714285714 0.875 0.111111111111111 0.625 1 0.8 1.2 0.75 1.6 1.5 0.5 0.777777777777778 0.428571428571429 0.5 2.33333333333333 8 0.125 1 2 0.875 2.25 0.111111111111111 1.14285714285714 0.625 3 0.875 0.111111111111111 0.333333333333333 1.28571428571429 1.5 2.66666666666667 0.125 0.75 0.571428571428571 1.25 1.2 8 7 0.875 0.2 0.666666666666667 0.6 5 4.5 5 9 2.33333333333333 0.166666666666667 1.5 1.4 0.428571428571429 0.666666666666667 3.5 1 1 3 6 0.5 1.5 1 1.33333333333333 0.4 0.8 1.16666666666667 1 1.4 0.333333333333333 0.5 
