0.7803277969360352 -0.9450666904449463 0.9892574548721313 0.1451765298843384 -0.8989837169647217 
-0.2919705510139465 0.6461073160171509 -0.1445661783218384 -0.6603289842605591 -0.9982909560203552 0.3149205446243286 0.5471053123474121 -0.8725547194480896 -0.8203680515289307 -0.2286751866340637 
0.2648091316223145 0.965086817741394 0.3773614168167114 -0.001434385776519775 -0.6314585208892822 0.1345560550689697 -0.5232398509979248 0.7239905595779419 -0.4221625328063965 0.9791253805160522 0.6398816108703613 -0.1949827671051025 -0.3565477728843689 -0.2026734352111816 0.3151646852493286 
-0.3990294933319092 0.6563615798950195 -0.6389660239219666 0.4031189680099487 0.5024873018264771 -0.5551621913909912 -0.8546098470687866 0.7135533094406128 0.2410657405853271 -0.7610400915145874 -0.3251746892929077 0.5659657716751099 0.8348948955535889 -0.4130679965019226 0.4968718290328979 -0.2596819996833801 0.6749778985977173 -0.8789025545120239 -0.7026276588439941 -0.5697500705718994 
-0.5959959626197815 -0.381878137588501 0.1335184574127197 -0.1995605230331421 0.1012299060821533 -0.5269631147384644 0.9989013671875 -0.8945280313491821 0.9080781936645508 -0.3910336494445801 0.7539597749710083 -0.1439558267593384 -0.9019745588302612 0.2491226196289063 -0.4028748273849487 -0.1483504772186279 -0.9142429828643799 -0.2903836369514465 0.9014862775802612 -0.9899289011955261 0.009857535362243652 0.8998992443084717 -0.03683584928512573 0.3691213130950928 0.9763786792755127 
0.7928403615951538 0.4424878358840942 0.4121525287628174 0.538865327835083 0.6756492853164673 -0.1573839783668518 -0.7741630077362061 0.574999213218689 0.5771965980529785 -0.2158574461936951 -0.5645008683204651 0.9254127740859985 -0.6584978699684143 -0.2173833250999451 -0.6491591930389404 -0.9082613587379456 0.1716666221618652 0.1048310995101929 -0.4565874338150024 0.2431409358978271 -0.09073150157928467 0.1803338527679443 0.8626056909561157 -0.5817133188247681 -0.3229163289070129 0.922666072845459 0.7209388017654419 0.9196141958236694 -0.05197304487228394 -0.2263557910919189 
-0.9323099255561829 0.5442975759506226 -0.5318460464477539 -0.1385235190391541 0.5101779699325562 0.1085543632507324 0.5892208814620972 0.5925168991088867 -0.5706655979156494 -0.1695303320884705 0.5356913805007935 -0.2363048195838928 -0.1590929627418518 -0.05063021183013916 0.731681227684021 -0.3218176960945129 0.1097750663757324 0.5472273826599121 0.4006775617599487 -0.7439497113227844 0.7032990455627441 -0.460615873336792 0.844538688659668 0.4485915899276733 -0.8018127679824829 0.9033783674240112 -0.9933469891548157 0.7971129417419434 0.8544877767562866 0.2082887887954712 -0.8659016489982605 -0.3013092279434204 0.06735432147979736 -0.4924161434173584 0.348307728767395 
-0.2953886389732361 -0.9839472770690918 0.3674733638763428 0.8342845439910889 -0.2628559470176697 -0.4802697896957397 -0.5057222247123718 0.2161625623703003 -0.7228919267654419 -0.07492291927337646 0.9561144113540649 0.5352030992507935 -0.008514642715454102 -0.5877559781074524 -0.329386293888092 0.6644794940948486 -0.616931676864624 0.1061128377914429 0.3618580102920532 0.1356548070907593 0.7445601224899292 -0.5339823961257935 -0.3591723442077637 -0.8516800403594971 0.3806573152542114 0.8674275875091553 -0.4887539148330688 0.3013092279434204 -0.3363444805145264 -0.3132724761962891 0.3643604516983032 -0.1401715278625488 0.4827113151550293 -0.7968688011169434 0.5236060619354248 -0.6301766633987427 -0.3500167727470398 -0.3708304166793823 0.4034241437911987 -0.5673695802688599 
0.575975775718689 0.3517258167266846 0.07126069068908691 0.9120455980300903 -0.02761924266815186 0.3002716302871704 -0.9809564352035522 0.06698811054229736 -0.6242561340332031 0.8956876993179321 0.5864131450653076 -0.003692746162414551 -0.3800470232963562 0.2891018390655518 -0.6407971382141113 0.8216497898101807 -0.2997222542762756 0.4142277240753174 -0.2197027206420898 -0.5143895149230957 0.9773552417755127 -0.3763847947120667 0.4878994226455688 -0.0154728889465332 0.729178786277771 -0.7169713377952576 0.7841120958328247 -0.7861872911453247 0.8636432886123657 0.885067343711853 -0.4560380578041077 -0.5095675587654114 0.6030151844024658 -0.7557908892631531 -0.1207617521286011 -0.1874752044677734 0.9539170265197754 0.3376262187957764 -0.1322977542877197 0.920224666595459 -0.2248908877372742 -0.6484267711639404 0.6620990037918091 0.2195806503295898 -0.7446821928024292 
-0.04702901840209961 -0.8923917412757874 -0.4853358268737793 -0.6682637929916382 -0.1885128617286682 0.4419385194778442 -0.2450941205024719 0.963621973991394 0.6124759912490845 0.6879787445068359 -0.1445661783218384 -0.208777129650116 -0.191564679145813 0.8638874292373657 -0.3666188716888428 0.7469404935836792 0.4515213966369629 -0.7321695685386658 0.8323312997817993 -0.3127231597900391 0.7108676433563232 -0.825678288936615 -0.7179479598999023 -0.8377636075019836 -0.1833857297897339 -0.7468184232711792 0.8919644355773926 0.6877346038818359 0.4917447566986084 0.5243384838104248 0.03695785999298096 -0.1654408574104309 0.9344462156295776 0.6594134569168091 -0.09781181812286377 -0.5530869364738464 0.4144718647003174 -0.5558946132659912 -0.65361487865448 -0.6987823247909546 -0.4554887413978577 0.2130497694015503 -0.1526840925216675 -0.4800866842269897 -0.7095248699188232 -0.9304788112640381 -0.9081392884254456 0.05099642276763916 -0.2178106307983398 0.7035431861877441 
0.157322883605957 -0.6604510545730591 0.3084505796432495 -0.5917233824729919 0.4282662868499756 0.3932920694351196 0.4734336137771606 0.157872200012207 0.7783745527267456 0.5504013299942017 -0.6318857669830322 0.4109317064285278 0.1017181873321533 -0.3508713245391846 0.9161351919174194 -0.9181493520736694 0.6013672351837158 -0.7583544254302979 0.9777214527130127 0.03976559638977051 -0.6803491115570068 -0.747795045375824 -0.3750419616699219 0.5340434312820435 -0.8892788290977478 0.3113193511962891 0.3890194892883301 0.7028717994689941 0.3657033443450928 -0.1715445518493652 0.2923978567123413 0.7256996631622314 -0.1947996616363525 0.8653523921966553 -0.5206762552261353 -0.8173772096633911 -0.3495284914970398 -0.1277809739112854 0.2558366060256958 -0.8160954713821411 -0.5139622092247009 0.3507492542266846 0.3528244495391846 -0.1690420508384705 0.1260719299316406 0.5040742158889771 0.2239142656326294 -0.4280831217765808 -0.2030396461486816 -0.06143373250961304 -0.808282732963562 -0.9852900505065918 -0.05026400089263916 -0.52146977186203 0.2532120943069458 
-0.2969145774841309 0.6995757818222046 -0.3092440366744995 -0.4874721765518188 0.4487746953964233 -0.9285866618156433 0.002533078193664551 0.5333110094070435 0.8035829067230225 -0.09976500272750854 -0.5973998308181763 -0.02560502290725708 -0.3462324738502502 -0.4637897610664368 0.8138370513916016 0.1467635631561279 -0.1706900000572205 -0.7986388802528381 0.4342478513717651 -0.1369975805282593 -0.329447329044342 0.539658784866333 0.3374431133270264 0.887997031211853 0.9271217584609985 0.1703848838806152 0.06045711040496826 -0.5758537650108337 -0.4492019414901733 -0.4407788515090942 0.2425305843353271 -0.5548570156097412 0.9462873935699463 -0.4828333258628845 0.3776055574417114 -0.3110141158103943 0.2402111291885376 -0.3588061332702637 -0.2578508853912354 -0.8759117126464844 -0.8663289546966553 0.008758783340454102 -0.4385815262794495 0.7006744146347046 -0.1017181873321533 -0.5608386397361755 -0.5234229564666748 0.1994384527206421 0.07937860488891602 -0.3669850826263428 0.3749198913574219 -0.009186089038848877 0.4692220687866211 -0.4962614774703979 0.6459242105484009 0.5164647102355957 -0.08835107088088989 -0.9871821999549866 -0.07425153255462646 -0.6938382983207703 
-0.1407818794250488 0.6073487997055054 0.3747367858886719 0.6301156282424927 -0.5867793560028076 0.7511520385742188 -0.329325258731842 -0.8733481764793396 0.07077240943908691 0.4344309568405151 -0.6398816108703613 0.7192907333374023 0.6735129356384277 0.3949400186538696 0.4419995546340942 -0.2245857119560242 -0.9741813540458679 -0.5021210312843323 0.4852137565612793 0.09292888641357422 -0.7799004912376404 0.01004064083099365 0.05813777446746826 0.8624225854873657 -0.002471983432769775 -0.2324594855308533 0.4734946489334106 0.6818751096725464 0.9561754465103149 0.8013244867324829 0.1628162860870361 -0.3168126344680786 0.4194158315658569 0.9818719625473022 -0.007782220840454102 0.8359935283660889 -0.2228156328201294 0.2460707426071167 0.8316599130630493 0.4878383874893188 0.111911416053772 -0.03146457672119141 -0.3087557554244995 -0.7929013967514038 -0.07730340957641602 -0.9602038860321045 -0.2640156149864197 0.9882808923721313 -0.2409436106681824 -0.7854548692703247 0.4921720027923584 -0.1177709102630615 0.5778679847717285 -0.7087313532829285 -0.442548930644989 0.1166112422943115 -0.365092933177948 0.6868801116943359 0.1274758577346802 0.765495777130127 0.7248451709747314 -0.03207492828369141 -0.348490834236145 -0.9672231078147888 0.5802484750747681 
0.424237847328186 -0.887691855430603 0.9680776596069336 -0.5989867448806763 -0.1805779933929443 -0.7407758235931396 0.3151646852493286 -0.3586230278015137 -0.6797387599945068 0.8916592597961426 0.6103396415710449 0.3852351903915405 0.5793938636779785 -0.4940031170845032 -0.9976195693016052 0.2732932567596436 0.4134953022003174 -0.5657826662063599 -0.8514969348907471 -0.6258430480957031 0.4970549345016479 -0.9866328835487366 0.9569078683853149 0.2066408395767212 -0.4558549523353577 0.2896511554718018 0.7233802080154419 -0.4211249351501465 -0.9588610529899597 0.07034516334533691 -0.7741630077362061 0.5566881895065308 0.5928220748901367 0.1363872289657593 0.3378703594207764 0.8726156949996948 -0.05642873048782349 -0.573229193687439 -0.2765282392501831 -0.9105807542800903 -0.2619403600692749 0.008819818496704102 0.1781976222991943 0.8300118446350098 0.08169806003570557 -0.3544114232063293 -0.8246406316757202 0.3855403661727905 0.964598536491394 0.7736747264862061 -0.8165227174758911 0.0162053108215332 -0.3883480429649353 0.7037873268127441 0.3143711090087891 0.2544938325881958 0.8206121921539307 0.8563188314437866 -0.1334574222564697 -0.4740440249443054 -0.6490981578826904 -0.155674934387207 0.3256019353866577 0.3984801769256592 0.425946831703186 0.2175664901733398 0.383831262588501 0.7726371288299561 -0.5889767408370972 -0.3223059773445129 
0.6588031053543091 -0.2733542919158936 0.2658467292785645 -0.1985839605331421 -0.4103823900222778 0.4768517017364502 -0.2496719360351563 -0.9467757344245911 -0.01211583614349365 -0.9875484704971313 0.3780938386917114 0.1883296966552734 0.3597826957702637 0.06955170631408691 0.1769157648086548 -0.5826898813247681 0.191320538520813 -0.1644032001495361 -0.3527024388313293 -0.9521470069885254 0.1310160160064697 0.65141761302948 -0.09121984243392944 0.2972197532653809 -0.1985229253768921 0.8255561590194702 -0.4949186444282532 0.1245460510253906 -0.4470656514167786 0.6250495910644531 0.6833399534225464 -0.3549607992172241 -0.5299539566040039 0.5038300752639771 0.9573961496353149 0.6892604827880859 -0.05453658103942871 0.6326181888580322 0.7694021463394165 0.06839203834533691 -0.8677937984466553 -0.208532989025116 -0.938779890537262 0.1100192070007324 -0.4124576449394226 0.6885890960693359 -0.4311960339546204 -0.9744865298271179 -0.5793938636779785 -0.2329477667808533 -0.3486739993095398 -0.3280434608459473 0.2565081119537354 0.5626087188720703 0.4682455062866211 0.271095871925354 -0.6705832481384277 0.6744285821914673 0.3164464235305786 -0.3522140979766846 0.0170598030090332 -0.5878780484199524 -0.05978578329086304 0.5509506464004517 0.1286965608596802 0.1805169582366943 -0.3739432692527771 -0.381878137588501 0.2602313756942749 0.6655170917510986 0.8953214883804321 -0.4520706534385681 -0.4722129106521606 0.8831751346588135 0.6069825887680054 
0.7236853837966919 -0.5758537650108337 0.6307259798049927 -0.06662189960479736 -0.2818384170532227 0.9057588577270508 -0.1428571343421936 0.04153573513031006 -0.3707083463668823 -0.3271278738975525 0.4328440427780151 0.5460677146911621 0.8312937021255493 -0.3102206587791443 0.2047486305236816 -0.3118686676025391 0.2538224458694458 0.2074953317642212 0.2996002435684204 0.4483474493026733 0.8743858337402344 -0.4632404446601868 -0.9446394443511963 -0.99920654296875 -0.3948789834976196 -0.3627735376358032 -0.4955290555953979 0.5151829719543457 -0.8629108667373657 0.8354442119598389 0.4692831039428711 0.1190526485443115 0.30362868309021 0.9839472770690918 0.3339639902114868 -0.1675161123275757 0.5256813764572144 0.3751029968261719 -0.4452955722808838 -0.7118442058563232 0.9024018049240112 0.7205724716186523 0.9702749252319336 -0.9510483145713806 -0.4921109676361084 -0.4900967478752136 -0.0239570140838623 0.3357341289520264 -0.5421003103256226 0.06076240539550781 -0.3758964538574219 -0.02230900526046753 -0.6912747621536255 0.572801947593689 0.7112338542938232 0.3981139659881592 0.3501389026641846 0.4977873563766479 -0.08230841159820557 -0.5524765849113464 0.3556932210922241 -0.460676908493042 0.05966365337371826 -0.1029389500617981 0.3527023792266846 -0.4067201614379883 -0.4827722907066345 -0.5952635407447815 -0.02627640962600708 0.9421979188919067 0.9003875255584717 0.766472339630127 -0.04666280746459961 -0.9833979606628418 0.0161442756652832 -0.7352213859558105 -0.6689962148666382 -0.965208888053894 -0.8007751703262329 0.9284646511077881 
0.693411111831665 -0.4710531830787659 0.9746085405349731 -0.17355877161026 -0.4330271482467651 0.8701132535934448 0.1473739147186279 -0.5267800092697144 0.8693197965621948 -0.9797967672348022 -0.8301950097084045 -0.9464705586433411 0.9859614372253418 -0.30497145652771 -0.7212439775466919 0.7054964303970337 0.9570299386978149 0.4113589525222778 -0.9893795847892761 0.5591906309127808 0.1742302179336548 0.6476333141326904 -0.03006070852279663 0.6806542873382568 0.7997375726699829 -0.1635487079620361 -0.8977019786834717 -0.4962004423141479 0.7205114364624023 -0.2486953139305115 -0.2166509032249451 -0.1871700286865234 -0.1496322751045227 0.8508255481719971 -0.9633167386054993 0.3383587598800659 -0.4076357483863831 -0.8580278754234314 -0.8062685132026672 0.02908408641815186 0.2731101512908936 -0.8738365173339844 -0.6935331225395203 -0.9382305145263672 0.3632618188858032 -0.6113772988319397 0.6275521516799927 -0.347819447517395 0.2947171926498413 0.3960996866226196 -0.5312967300415039 0.728995680809021 0.6888332366943359 -0.9368267059326172 -0.2486953139305115 -0.4664143919944763 -0.1935788989067078 -0.3487960696220398 0.5594958066940308 0.2085329294204712 0.03360092639923096 -0.4387646317481995 -0.9887081384658813 0.4360790252685547 0.2151249647140503 -0.4154484868049622 -0.2424085140228271 0.190588116645813 -0.3524582386016846 -0.8279366493225098 -0.5774407386779785 -0.3335368037223816 0.5453963279724121 0.2867213487625122 -0.7012848258018494 0.4445631504058838 0.7925351858139038 0.3991515636444092 0.6075320243835449 0.9589220285415649 -0.209387481212616 0.191503643989563 -0.3605151772499084 0.3271889686584473 -0.7811822891235352 
-0.8924527764320374 0.4932706356048584 0.192541241645813 0.6458631753921509 0.2721946239471436 0.5153660774230957 -0.8238471746444702 -0.2479628920555115 -0.8392285108566284 0.09073150157928467 -0.8637043237686157 -0.4175237417221069 -0.7715994715690613 -0.8631550073623657 0.4737387895584106 -0.5253151059150696 -0.1576891541481018 0.4120913743972778 -0.6675924062728882 0.7399212121963501 0.8391674757003784 0.09494304656982422 -0.8886074423789978 0.3773003816604614 0.6326181888580322 -0.2889187335968018 -0.06613361835479736 0.9169896841049194 -0.06582844257354736 -0.7794732451438904 0.6354869604110718 0.7042756080627441 0.1501204967498779 0.07754755020141602 0.8350780010223389 -0.06180000305175781 0.5163426399230957 0.07535016536712646 -0.3501998782157898 0.7762993574142456 -0.965880274772644 0.7891170978546143 0.617175817489624 0.8179265260696411 -0.730582594871521 -0.5716421604156494 -0.6133915185928345 0.2797021865844727 0.07742547988891602 -0.08725243806838989 -0.2565690875053406 0.1741081476211548 0.3159581422805786 0.9824212789535522 0.5266579389572144 -0.1947996616363525 -0.3907895088195801 0.156224250793457 -0.9954832792282104 0.8926969766616821 -0.7750175595283508 -0.6494643688201904 -0.730704665184021 0.6373790502548218 0.1277810335159302 0.9698476791381836 -0.7861262559890747 -0.9588000178337097 0.269875168800354 0.2830591201782227 0.65324866771698 0.7931455373764038 0.1835078001022339 0.8977019786834717 0.1528061628341675 -0.9664906859397888 0.9362163543701172 -0.8565019369125366 -0.8736533522605896 -0.6887722015380859 -0.4883877038955688 0.1796014308929443 0.766045093536377 -0.9567857980728149 -0.3206579685211182 -0.3641773462295532 0.3664968013763428 0.7914975881576538 -0.5851314067840576 -0.3974425196647644 
0.6303597688674927 -0.7329630851745605 -0.8026062846183777 0.5944700241088867 -0.2908108830451965 0.8372752666473389 -0.1330301761627197 -0.9569689035415649 -0.8012024164199829 -0.7592089772224426 -0.09744560718536377 -0.3921933770179749 0.2593157291412354 -0.5135349631309509 -0.1900997757911682 -0.8248847723007202 0.02133238315582275 -0.1879024505615234 0.9862055778503418 0.2222663164138794 0.04647970199584961 -0.4465163350105286 0.3621631860733032 0.1416363716125488 0.6037477254867554 -0.4350413680076599 -0.6085696220397949 -0.477645218372345 0.07486188411712646 -0.7473067045211792 -0.7996155023574829 -0.04849392175674438 -0.1983398199081421 -0.7160557508468628 0.7102572917938232 0.8967254161834717 -0.3135166764259338 0.03439438343048096 -0.4554277062416077 0.234168529510498 0.8597979545593262 0.8367869853973389 0.5346537828445435 -0.01699882745742798 0.7258217334747314 0.09207439422607422 -0.365703284740448 -0.1903439164161682 0.7006133794784546 -0.6928006410598755 0.05844295024871826 -0.1362041234970093 -0.04672384262084961 -0.8795129060745239 0.4556108713150024 -0.4908291697502136 -0.5362406969070435 0.3780328035354614 -0.07101655006408691 -0.4886928796768188 -0.2901394963264465 0.3234657049179077 -0.2826929688453674 0.2449721097946167 0.2950835227966309 0.963499903678894 0.348429799079895 -0.5169529914855957 0.8309274911880493 -0.3284096717834473 0.07785272598266602 0.3310343027114868 -0.6146732568740845 -0.9074679017066956 -0.574571967124939 0.8671224117279053 -0.1897946000099182 0.4103213548660278 -0.3783990144729614 0.05319380760192871 0.2598041296005249 -0.9586169123649597 -0.2231818437576294 -0.5228126049041748 0.2139042615890503 0.8172551393508911 0.5855586528778076 -0.5102389454841614 0.3166905641555786 -0.2836695313453674 -0.6212042570114136 -0.7015900015830994 0.3448896408081055 -0.7894833087921143 0.3358561992645264 
