-0.06308175908688618 -0.08407849360637232 0.8983123264259774 0.4888760032959991 -0.7834406567583239 
0.455793939024018 0.5554673909726249 -0.9378643147068697 0.7373577074495681 0.2890408032471694 0.413129062776574 -0.8290963469344157 0.1039765617847224 0.8958098086489457 -0.8824427014984588 
0.130954924161504 0.9251075777459028 0.1478011413922544 0.7573168126468703 -0.1825922421948912 -0.1937009796441542 -0.1730094302194281 0.3170567949461349 0.6467177343058566 0.8903775139622181 -0.4337595751823481 -0.9955442976165044 0.2325205236976227 -0.9011200292977691 0.3121127964110233 
-0.6765648365733817 0.3462324900051881 -0.2841578417310099 -0.9226660969878231 -0.7710501419110691 -0.8767662587359233 0.2201910458693197 0.10879848628193 -0.651051362651448 0.5775627918332469 0.04330576494644012 -0.8054750205999939 -0.913266396069216 0.3984801782280953 -0.5808587908566545 0.7272865993224891 0.9802850428785057 0.8248237556077762 -0.9266945402386547 -0.7968688009277627 
0.2833643604846339 0.2490005188146611 -0.967772453993347 0.9378032776879177 0.5673696096682639 0.3032013916440321 0.2328867458113346 -0.999816888943144 0.1256447035126804 0.1767937253944518 -0.3886532181768242 -0.06674398022400585 -0.07846308786278877 -0.3982970671712394 -0.8944059572130497 -0.477950376903592 0.8037049470503861 0.4198431348612934 -0.9728995635853145 0.3213904232917264 -0.3600268562883389 -0.5693838312936796 -0.2326425977355266 -0.2132938627277444 -0.8255561998352 
-0.9622791222876674 0.0254219183935056 -0.7296670430616169 -0.5384990997039705 0.4607379375591296 -0.3067415387432478 -0.5394146549882504 0.2976470229194006 0.7665944395275734 -0.7727591784417249 0.8199407940916166 0.3862727744376964 -0.1512192144535661 0.3935361796929837 0.7114169743949705 0.6546525467696158 0.8756675923947874 0.836603900265511 -0.2469862971892453 -0.4066591387676626 0.3412884914700767 0.1764275032807399 0.7771538438062684 0.6285287026581621 -0.8012024292733543 0.8594927823725089 -0.4724570451979125 0.2792748802148504 -0.3621631519516587 0.07553331095309312 
-0.47758415478988 -0.2536393322550127 -0.4126407666249581 0.05648976104007075 -0.9184545426801355 0.4814905240028078 0.5391705069124424 -0.4541459395123142 0.1301614429151281 -0.8665730765709403 0.1471297341837825 -0.8405102694784387 0.5898312326425976 0.01266518143253892 0.2541886654255807 0.04544206060975986 -0.0135807367168187 0.6324961088900418 -0.9520859401226844 0.4583574938200019 0.1035493026520584 0.9984740745262002 -0.5574205755790886 -0.1364482558671835 0.9215063936277352 -0.9581286049989318 -0.9724723044526505 0.3413495284890287 0.653309732352672 -0.238807336649678 0.8948942533646658 -0.6451307718131046 -0.3083895382549516 0.6319467757194739 -0.3420209356975006 
0.3729056672872098 0.2902615436262093 0.2937406537064731 -0.9492172002319407 -0.6256599627674184 0.9269997253334148 0.7766655476546525 0.4737998596148565 0.3383587145603808 0.7936338389233071 -0.4701376384777367 -0.7318643757438887 0.4532303842280343 -0.02536088137455361 0.3516647846919156 0.8840907010101626 -0.1653798028504287 -0.2746360667744987 -0.3315225684377575 0.4648274178289131 0.7838679158909878 0.9477523117770927 0.3575853755302592 -0.3703421124912259 0.6902981658375804 -0.2674947355571153 0.3702810754722738 0.8538773766289254 0.140842921231727 -0.7195959349345378 0.2184820093386639 -0.7411420026245918 0.7996154667806024 0.5149388103885006 0.3870662556840725 0.6254158146916104 0.6183965575121311 0.6982329783013397 0.7346110415967284 -0.5586413159581286 
0.1327249977111118 -0.5350199896237068 -0.9394512771996215 -0.08243049409466841 0.152806176946318 0.8162785729544968 0.3538010803552354 -0.749626148258919 0.7548753318887906 0.4936368907742545 -0.9841303750724815 -0.2517471846675008 -0.8904385509811701 -0.01821955015717036 0.6011841181676687 -0.2783593249305704 0.3648487807855465 0.6000854518265328 -0.1360209967345195 -0.227942747276223 -0.8767662587359233 0.3187047944578387 0.5583971678823205 0.6418958098086489 0.1428571428571428 0.9077730643635364 0.2423474837488937 0.0527665028839992 0.07242042298654128 -0.01974547563097018 0.3981749931333354 -0.4058656575212867 -0.9650868251594592 -0.5075533310953093 -0.8185369426557207 -0.2741477706228828 -0.1290017395550401 -0.7363811151463362 -0.8879360332041383 -0.04428235724967189 -0.1452986236152226 -0.9222388378551591 -0.9815057832575457 0.2561418500320445 0.6950590533158361 
0.2119510483108005 0.1830805383465071 0.0535599841303751 0.4527420880764184 0.1367534409619435 0.7006134220404676 0.3791924802392652 -0.4203314310129094 -0.770867030854213 -0.3517258217108676 -0.07205420087282932 0.5587633899960327 -0.9862056337168492 -0.6641743217261269 0.119418927579577 -0.9150975066377758 -0.45677053132725 -0.8073061311685538 0.9047212134159368 -0.4124576555681021 -0.3168736838892788 -0.8381908627582628 -0.1654408398693807 0.2740867336039308 -0.7701956236457411 -0.402508621478927 -0.3830988494521927 0.7098300119022187 -0.5778679769280068 -0.02066103091525007 -0.7760551774651326 0.7445600756859034 -0.5894039735099338 -0.2446668904690695 0.6133304849391157 0.6001464888454848 -0.7543259987182226 -0.3735770744956817 0.1247901852473525 0.9299905392620624 0.9487289040803246 0.5845820490127263 0.6153447065645314 0.6640522476882229 0.2265999328592792 -0.9823603015228736 -0.6050294503616443 -0.5483260597552415 0.3941465498825036 -0.8068788720358897 
-0.8746910000915555 -0.2016357921079135 0.8339793084505753 0.1556749168370617 -0.8735923337504197 -0.2587054048280282 -0.6893826105533005 -0.6241340372936186 0.8164006469924008 0.7181310464796899 -0.05240028077028713 -0.358561967833491 0.8531449324015015 0.01730399487289036 0.09146397289956365 0.2771996215704824 0.1698965422528764 -0.8826258125553148 -0.5286721396526994 0.6002685628833888 0.3006378368480482 -0.03903317361980041 -0.3717459639271218 0.8834192938016907 0.7402874843592639 0.1223487044892728 0.6601458784752952 -0.630970183416242 0.153416547135838 0.433271279030732 0.5960570085757011 -0.6037476729636524 -0.7577440717795343 -0.3724173711355937 -0.2876979888302256 -0.2960600604266488 0.08822901089510782 -0.4321115756706443 -0.8984954374828333 -0.0280465102084414 -0.2224494155705435 -0.3829157383953368 -0.1909543137913144 0.663197729422895 -0.8742027039399396 -0.283486434522538 -0.152500991851558 -0.7711111789300211 0.3115024262215034 0.7341227454451125 -0.5967284157841731 -0.2602313303018281 0.2327036347544786 -0.3558153019806513 -0.4533524582659383 
-0.6860866115298929 0.7641529587694937 0.5749992370372632 0.3174230170598469 -0.4121524704733421 -0.7841731009857479 0.2159184545426802 -0.04293954283272805 0.3288979766228217 -0.03042695394756922 -0.8470412305063021 -0.8357493820001831 -0.1878414258247627 0.7245399334696494 -0.2845240638447218 -0.3293252357554857 -0.3164464247566149 -0.9796136356700339 0.8513748588518937 0.9306619464705344 -0.3134556108279671 0.3075350199896236 -0.8319040498062075 -0.7527390362254708 -0.4662923062837611 0.5821405682546466 0.2751243629261146 -0.003387554551835703 -0.5153660695211646 0.9019745475630969 0.4889370403149511 0.7614062929166538 0.1944944608905301 0.09195226905117959 -0.03579821161534469 0.1879024628437147 -0.6066774498733483 0.9550157170323801 -0.6868190557573168 0.3777275917844172 -0.0390942106387524 0.2979522080141606 0.7759941404461805 -0.3726615192114017 0.9581286049989319 0.08774071474349188 0.003875850703451533 -0.6723532822656941 0.1778923917355877 0.04794457838679156 -0.4815515610217597 -0.163487655262917 -0.2215338602862637 -0.9904171880245369 -0.09048738059633166 -0.8641926328318125 -0.4391918698690755 -0.6712546159245583 -0.1671498764000366 -0.912900173955504 
-0.413190099795526 -0.1752067629016999 0.2524185918759727 0.2159794915616322 -0.4268623920407727 -0.2040772728659932 -0.869747001556444 -0.5381939146092105 -0.564928128910184 -0.3035065767387921 0.1139255958738976 -0.978637043366802 -0.4742271187475203 0.2140873439741202 0.8991058076723533 -0.4690389721366008 -0.2347178563798944 -0.8986785485396893 0.6899929807428204 0.9922482985930967 0.3058259834589678 0.4297921689504685 0.6867580187383648 0.5594347972045046 0.4197210608233894 -0.8237250892666402 0.5770134586626789 0.3153477584154789 -0.5774407177953429 -0.2963042085024568 -0.6562395092623676 0.09720145268105096 0.4440137943662832 -0.3015533921323282 -0.2980742820520645 -0.5632190923795282 0.858455153050325 0.1279641102328561 0.4768517105624561 -0.3241981261635182 0.1888180181279946 0.7799615466780603 0.2359996337778862 0.3194372386852626 -0.7047639393292031 -0.05380413220618308 0.487838373973815 0.6912747581408123 -0.3386638996551409 -0.1864986114078189 -0.2411267433698538 0.9508041627246926 0.5908078249458297 0.1239967040009766 0.8627277443769645 -0.4629963072603535 -0.8733481856746117 -0.3323770867030854 0.6727195043794061 -0.8993499557481612 0.5055391094698936 0.1691640980254525 0.7109897152623066 -0.01345866267891471 -0.04037598803674425 
0.4763023773918882 -0.6815088351084932 -0.06027405621509441 -0.3177892391735587 -0.5129856257820369 0.4242988372447889 -0.7872859889522996 -0.9193090609454634 0.6741843928342539 -0.3906674398022401 0.7342448194830165 -0.662892544328135 -0.7098910489211707 0.06302072206793419 -0.9027680288094729 -0.8112735374004334 0.5729850154118472 0.7205114902188177 0.5483260597552415 -0.2590105899227881 0.6726584673604541 -0.2655415509506516 -0.1785027619251076 0.2143925290688802 0.6589251380962553 0.7012237922299875 0.7111117893002106 0.4770958586382641 0.1740470595416119 -0.04727317117831964 -0.5553453169347209 -0.8247016815698721 0.292458876308481 0.227820673238319 0.9199804681539354 -0.7266762291329691 0.1496322519608142 -0.9651478621784112 0.8670003357036042 -0.1836298715170751 0.9036225470748009 -0.9820551164281136 -0.001373332926419835 -0.271034882656331 -0.4094668416394543 0.6401257362590411 -0.7875911740470596 0.4604937894833216 0.4374217963194678 0.4946745200964384 -0.0951872310556352 -0.7088534195989868 0.1943723868526261 -0.4413281655323954 0.4618976409192175 0.1106906338694418 -0.9509872737815485 0.7001251258888517 0.988097781304361 -0.5183568834498122 -0.3147984252449111 -0.2490005188146611 -0.6643574327829829 0.8013855403302104 0.04904324472792743 -0.5398419141209143 0.4976042970061343 0.3730277413251137 0.3841364787743766 0.6367687002166815 
-0.3226722006897184 0.8068788720358897 0.6426892910550248 -0.2574846644489883 0.7804498428296762 -0.8234199041718803 0.890926847132786 -0.2580950346385082 0.1006805627613148 0.6083864864040041 0.3751029999694815 0.07937864314706866 0.3313394573809014 -0.652455214087344 0.3837702566606647 -0.1838129825739311 0.5082247383037812 0.6274300363170262 -0.8054750205999939 -0.8131656849879452 -0.2741477706228828 0.7711111789300211 0.01876888332773818 -0.9848017822809534 -0.8615680410168767 0.4377269814142277 -0.4875331888790552 0.4316843165379802 -0.9410382396923734 0.576158940397351 0.1664784691915646 0.9534897915585803 0.9682607501449629 -0.3525803399761955 0.8873867000335705 -0.009491256447035079 -0.7536545915097507 -0.3198644978179266 -0.9172338023010956 -0.1597033600878933 0.4398022400585955 -0.2805566576128422 0.5632190923795282 -0.7674489577929013 0.8756675923947874 0.2340464491714225 0.5723746452223273 -0.5120090334788049 0.4366893520920438 -0.9583117160557878 0.2590105899227881 0.3524582659382915 -0.6918240913113803 0.3178502761925108 -0.09689626758629111 -0.4307077242347483 -0.489181188390759 -0.7524338511307107 -0.7923520615253151 -0.7470015564439833 0.0306100650044252 -0.1142307809686575 -0.0297555467390973 -0.8745689260536516 -0.640980254524369 0.7860042115543078 -0.5549180578020569 -0.3216956083864864 0.2563249610889005 -0.0383007293923765 -0.2899563585314493 -0.6761986144596698 0.5493026520584734 -0.2580950346385082 -0.650929288613544 
0.009369182409131094 0.8129215369121372 0.2737205114902188 0.9362163151951659 0.8362987151707511 -0.5935544907986694 0.086703085421308 0.2668233283486434 -0.1167332987456893 -0.8944059572130497 0.5977050080874051 -0.4781945249794 0.9147312845240638 0.1416974394970549 -0.4606158635212256 -0.7772759178441725 0.2064577166051209 -0.8351390118106632 -0.4714194158757287 0.8171330912198249 0.522446363719596 -0.4362010559404279 0.3574633014923552 0.05447553941465499 0.2363048188726462 0.3514816736350597 -0.4144718771935179 -0.5398419141209143 -0.8404492324594867 0.9302346873378704 -0.5048677022614215 -0.2804956205938902 -0.3603930784020508 0.04794457838679156 -0.5275734733115635 0.7844782860805077 0.489547410504471 0.2584002197332682 -0.1232642597735527 0.5154271065401166 0.3127842036194952 0.1976683858760337 0.4608600115970336 -0.3293252357554857 -0.2155522324289681 -0.01016266365550711 -0.5956907864619891 -0.9437849055452132 -0.5475936155278176 0.09378337961973937 0.02279732657856992 -0.3519699697866756 0.6203497421185948 0.9041718802453689 -0.7845393230994598 -0.5005340739158299 -0.1246070741904965 -0.5815912350840785 0.7134922330393383 0.2463148899807734 0.8226264229255043 0.2831812494277779 -0.8087099826044496 -0.977782525101474 -0.4107486190374462 -0.4683675649281289 0.304239020966216 0.596728415784173 -0.3389080477309488 0.3250526444288462 0.7140415662099062 -0.4519486068300425 0.6127201147495955 -0.9894405957213049 -0.8347727896969512 -0.7159337137974182 0.2956328012939848 0.8082216864528335 0.6749778740806298 -0.2767113254188666 
0.3102206488235115 -0.4000061037018952 -0.2535172582171087 -0.6946317941831721 -0.5038911099581896 0.7347331156346324 -0.6528214362010559 0.2427747428815576 -0.7960753196813868 0.836420789208655 -0.988769188512833 0.4098330637531662 0.02529984435560162 0.002349925229651717 -0.1697744682149723 -0.618945890682699 -0.3091830195013275 0.6783349101229896 0.554185613574633 -0.3549607837153234 -0.4830164494766076 -0.4317453535569323 0.1110568559831537 0.2981353190710165 -0.4249092074343089 -0.6227912228766748 0.6290169988097782 -0.7737968077639088 0.3956724753563037 0.9481185338908047 -0.7244178594317454 0.8377636036255989 0.02053895687734619 -0.6443983275856807 0.2259895626697592 -0.5909909360026857 0.2149418622394483 0.5200659199804682 -0.9279152806176947 -0.8933683278908658 0.6523331400494399 -0.09756767479476303 0.9862056337168492 0.7471236304818873 0.8842127750480666 -0.1548814355906858 0.9503158665730767 0.3575243385113072 0.9080782494582964 -0.8816492202520829 -0.6348155156102175 -0.4000671407208471 0.1449934385204628 -0.7625049592577898 -0.6497695852534562 -0.8788415173802911 -0.3600268562883389 -0.8887905514694663 -0.9525742362743004 0.890926847132786 -0.7022614215521714 0.5850093081453902 -0.7582934049501022 0.5903195287942138 0.9660023804437392 0.4412060914944913 -0.3897518845179602 0.1147801141392255 -0.8215887936033204 -0.5809808648945585 -0.08694723349711597 -0.7485885189367352 0.3714407788323619 -0.1838740195928831 -0.5623035370952483 0.5956907864619891 0.3848078859828485 0.2352061525315103 -0.9898068178350169 0.7681814020203253 -0.9392071291238135 -0.9630115665150913 0.8849452192754905 -0.004974517044587512 -0.2468031861323893 
-0.9290139469588305 0.6788232062746056 -0.9649037141026032 -0.9606921597949156 0.9701528977324747 0.8583941160313731 0.6196172978911709 0.6547135837885678 0.8034607989745781 -0.0348826563310648 -0.4543900875881222 0.9382915738395337 -0.6350596636860255 0.2508316293832209 0.1566515091402936 0.564378795739616 0.5194555497909481 -0.5419171727652821 0.2138431958983122 0.2814111758781701 0.9253517258217108 -0.09817804498428295 0.9027069917905211 -0.8567461165196691 0.5895870845667897 -0.945921201208533 0.3271889400921659 0.2764671773430585 0.8172551652577289 -0.05392620624408706 -0.4449293496505631 0.9946287423322244 -0.8820764793847469 0.6984771263771477 -0.7239295632801295 -0.9271828363902707 -0.3682058168279061 -0.5067598498489334 0.1365703299050873 -0.004608294930875556 0.6376232184820094 0.2997833185827203 0.8115176854762414 0.987975707266457 -0.2945951719718009 -0.3332316049684133 0.8781701101718191 0.6478774376659444 0.05600146488845481 -0.1062349314859462 0.5526596881008332 -0.01571703238013855 0.6901760917996764 0.8932462538529617 0.3519699697866756 -0.3188879055146947 -0.1500595110934781 0.05740531632435064 0.7451094088564714 -0.6047242652668844 0.3741874446852016 0.4410840174565873 0.8539994506668294 -0.09750663777581103 0.5113986632892848 0.5731070894497512 0.2685323648792992 -0.09726248970000306 0.7518845179601428 0.2099368266853847 -0.9631946775719474 0.2993560594500564 0.2422864467299417 -0.6575212866603595 -0.1056855983153783 -0.2375255592516862 -0.6558122501297037 0.7697073274941253 -0.2072511978514969 0.3905453657643361 -0.09982604449598687 -0.4492019409772027 0.7935117648854031 -0.7183751945554979 -0.2308725241859187 -0.3506881923886838 -0.6139408551286355 0.8279366435743278 -0.8065126499221777 -0.9193700979644154 
-0.7531662953581347 -0.1383404034546952 -0.3899349955748161 0.1791741691335795 0.2506485183263649 0.03500473036896867 -0.3194372386852626 -0.2376476332895902 -0.5822016052735984 0.880794701986755 -0.1915646839808344 0.2624286629840999 0.6301767021698661 -0.9835200048829615 0.3528244880520035 0.9659413434247872 -0.06491286965544607 -0.4220404675435652 -0.9285866878261666 0.1050752281258582 -0.8786584063234352 0.7430341502121036 -0.2010254219183935 0.07083346049378947 0.3296304208502456 -0.8505203405865658 0.4430372020630513 0.6768700216681418 0.510361033967101 -0.229163487655263 -0.3921323282570879 0.5367900631733147 -0.4573198644978179 0.8106021301919615 0.1606799523911253 -0.3831598864711447 0.8253120517593922 -0.8209784234138005 -0.9495223853267006 -0.9723502304147466 0.1526230658894621 -0.8847621082186345 -0.3053376873073519 -0.8840296639912106 -0.3113193151646474 -0.4853968932157353 0.2435682241279336 -0.08017212439344468 0.8512527848139897 0.5272682882168034 0.03689687795648067 -0.9500106814783166 0.9183935056611836 0.987792596209601 -0.4360789819025239 -0.9407330545976135 -0.8296456801049836 -0.760124515518662 0.24008911404767 -0.6375621814630573 -0.6206549272133549 0.9176610614337595 -0.6876125370036927 0.7700125125888853 0.4586626789147619 0.2466200750755334 0.2067018646809289 -0.3028351695303202 0.08542130802331616 0.4270455030976288 -0.3719290749839778 0.1114841151158177 -0.8922086245307779 -0.3387859736930449 -0.2716452528458511 0.2812280648213141 -0.4495681630909146 0.3882869960631123 0.6521500289925839 0.3867000335703603 0.02932828760643336 0.2881862849818415 -0.2255623035370953 0.0577715384380626 -0.6097903378398999 0.6180303353984191 0.9420758690145574 -0.1003143406476028 0.381206701864681 0.4428540910061953 0.0314645832697531 0.06900234992522969 0.1738639484847559 0.3230384228034302 0.1355937376018554 
